date
2017-01-30
2017-01-30
2017-01-30
2017-01-30
2017-01-30
2017-01-30
2017-01-30
2017-01-30
2017-01-30
2017-01-30
2017-01-30
2017-01-30
2017-01-30
2017-01-30
2017-01-30
2017-01-30
2017-01-30
2017-01-30
2017-01-30
2017-01-30
2017-01-30
2017-01-30
2017-01-30
2017-01-30
2017-01-30
2017-01-30
2017-01-30
2017-01-30
2017-01-30
2017-01-30
2017-01-30
2017-01-30
2017-01-30
2017-01-30
2017-01-30
2017-01-30
2017-01-30
2017-01-30
2017-01-30
2017-01-30
2017-01-30
2017-01-30
2017-01-30
2017-01-30
2017-01-30
2017-01-30
2017-01-30
2017-01-30
2017-01-30
2017-01-30
2017-01-30
2017-01-30
2017-01-30
2017-01-30
2017-01-30
2017-01-30
2017-01-30
2017-01-30
2017-01-30
2017-01-30
2017-01-30
2017-01-30
2017-01-30
2017-01-30
2017-01-30
2017-01-30
2017-01-30
2017-01-30
2017-01-30
2017-01-30
2017-01-30
2017-01-30
2017-01-30
2017-01-30
2017-01-30
2017-01-30
2017-01-30
2017-01-30
2017-01-30
2017-01-30
2017-01-30
2017-01-30
2017-01-30
2017-01-30
2017-01-30
2017-01-30
2017-01-30
2017-01-30
2017-01-30
2017-01-30
2017-01-30
2017-01-30
2017-01-30
2017-01-30
2017-01-30
2017-01-30
2017-01-30
2017-01-30
2017-01-30
2017-01-30
2017-01-30
2017-01-30
2017-01-30
2017-01-30
2017-01-30
2017-01-30
2017-01-30
2017-01-30
2017-01-30
2017-01-30
2017-01-30
2017-01-30
2017-01-30
2017-01-30
2017-01-30
2017-01-30
2017-01-30
2017-01-30
2017-01-30
2017-01-30
2017-01-30
2017-01-30
2017-01-30
2017-01-30
2017-01-30
2017-01-30
2017-01-30
2017-01-30
2017-01-30
2017-01-30
2017-01-30
2017-01-30
2017-01-30
2017-01-30
2017-01-30
2017-01-30
2017-01-30
2017-01-30
2017-01-30
2017-01-30
2017-01-30
2017-01-30
2017-01-30
2017-01-30
2017-01-30
2017-01-30
2017-01-30
2017-01-30
2017-01-30
2017-01-30
2017-01-30
2017-01-30
2017-01-30
2017-01-30
2017-01-30
2017-01-30
2017-01-30
2017-01-30
2017-01-30
2017-01-30
2017-01-30
2017-01-30
2017-01-30
2017-01-30
2017-01-30
2017-01-30
2017-01-30
2017-01-30
2017-01-30
2017-01-30
2017-01-30
2017-01-30
2017-01-30
2017-01-30
2017-01-30
2017-01-30
2017-01-30
2017-01-30
2017-01-30
2017-01-30
2017-01-30
2017-01-30
2017-01-30
2017-01-30
2017-01-30
2017-01-30
2017-01-30
2017-01-30
2017-01-30
2017-01-30
2017-01-30
2017-01-30
2017-01-30
2017-01-30
2017-01-30
2017-01-30
2017-01-30
2017-01-30
2017-01-30
2017-01-30
2017-01-30
2017-01-30
2017-01-30
2017-01-30
2017-01-30
2017-01-30
2017-01-30
2017-01-30
2017-01-30
2017-01-30
2017-01-30
2017-01-30
2017-01-30
2017-01-30
2017-01-30
2017-01-30
2017-01-30
2017-01-30
2017-01-30
2017-01-30
2017-01-30
2017-01-30
2017-01-30
2017-01-30
2017-01-30
2017-01-30
2017-01-30
2017-01-30
2017-01-30
2017-01-30
2017-01-30
2017-01-30
2017-01-30
2017-01-30
2017-01-30
2017-01-30
2017-01-30
2017-01-30
2017-01-30
2017-01-30
2017-01-30
2017-01-30
2017-01-30
2017-01-30
2017-01-30
2017-01-30
2017-01-30
2017-01-30
2017-01-30
2017-01-30
2017-01-30
2017-01-30
2017-01-30
2017-01-30
2017-01-30
2017-01-30
2017-01-30
2017-01-30
2017-01-30
2017-01-30
2017-01-30
2017-01-30
2017-01-30
2017-01-30
2017-01-30
2017-01-30
2017-01-30
2017-01-30
2017-01-30
2017-01-30
2017-01-30
2017-01-30
2017-01-30
2017-01-30
2017-01-30
2017-01-30
2017-01-30
2017-01-30
2017-01-30
2017-01-30
2017-01-30
2017-01-30
2017-01-30
2017-01-30
2017-01-30
2017-01-30
2017-01-30
2017-01-30
2017-01-30
2017-01-30
2017-01-30
2017-01-30
2017-01-30
2017-01-30
2017-01-30
2017-01-30
2017-01-30
2017-01-30
2017-01-30
2017-01-30
2018-01-23
2018-01-23
2018-01-23
2018-01-23
2018-01-23
2018-01-23
2018-01-23
2018-01-23
2018-01-23
2018-01-23
2018-01-23
2018-01-23
2018-01-23
2018-01-23
2018-01-23
2018-01-23
2018-01-23
2018-01-23
2018-01-23
2018-01-23
2018-01-23
2018-01-23
2018-01-23
2018-01-23
2018-01-23
2018-01-23
2018-01-23
2018-01-23
2018-01-23
2018-01-23
2018-01-23
2018-01-23
2018-01-23
2018-01-23
2018-01-23
2018-01-23
2018-01-23
2018-01-23
2018-01-23
2018-01-23
2018-01-23
2018-01-23
2018-01-23
2018-01-23
2018-01-23
2018-01-23
2018-01-23
2018-01-23
2018-01-23
2018-01-23
2018-01-23
2018-01-23
2018-01-23
2018-01-23
2018-01-23
2018-01-23
2018-01-23
2018-01-23
2018-01-23
2018-01-23
2018-01-23
2018-01-23
2018-01-23
2018-01-23
2018-01-23
2018-01-23
2018-01-23
2018-01-23
2018-01-23
2018-01-23
2018-01-23
2018-01-23
2018-01-23
2018-01-23
2018-01-23
2018-01-23
2018-01-23
2018-01-23
2018-01-23
2018-01-23
2018-01-23
2018-01-23
2018-01-23
2018-01-23
2018-01-23
2018-01-23
2018-01-23
2018-01-23
2018-01-23
2018-01-23
2018-01-23
2018-01-23
2018-01-23
2018-01-23
2018-01-23
2018-01-23
2018-01-23
2018-01-23
2018-01-23
2018-01-23
2018-01-23
2018-01-23
2018-01-23
2018-01-23
2018-01-23
2018-01-23
2018-01-23
2018-01-23
2018-01-23
2018-01-23
2018-01-23
2018-01-23
2018-01-23
2018-01-23
2018-01-23
2018-01-23
2018-01-23
2018-01-23
2018-01-23
2018-01-23
2018-01-23
2018-01-23
2018-01-23
2018-01-23
2018-01-23
2018-01-23
2018-01-23
2018-01-23
2018-01-23
2018-01-23
2018-01-23
2018-01-23
2018-01-23
2018-01-23
2018-01-23
2018-01-23
2018-01-23
2018-01-23
2018-01-23
2018-01-23
2018-01-23
2018-01-23
2018-01-23
2018-01-23
2018-01-23
2018-01-23
2018-01-23
2018-01-23
2018-01-23
2018-01-23
2018-01-23
2018-01-23
2018-01-23
2018-01-23
2018-01-23
2018-01-23
2018-01-23
2018-01-23
2018-01-23
2018-01-23
2018-01-23
2018-01-23
2018-01-23
2018-01-23
2018-01-23
2018-01-23
2018-01-23
2018-01-23
2018-01-23
2018-01-23
2018-01-23
2018-01-23
2018-01-23
2018-01-23
2018-01-23
2018-01-23
2018-01-23
2018-01-23
2018-01-23
2018-01-23
2018-01-23
2018-01-23
2018-01-23
2018-01-23
2018-01-23
2018-01-23
2018-01-23
2018-01-23
2018-01-23
2018-01-23
2018-01-23
2018-01-23
2018-01-23
2018-01-23
2018-01-23
2018-01-23
2018-01-23
2018-01-23
2018-01-23
2018-01-23
2018-01-23
2018-01-23
2018-01-23
2018-01-23
2018-01-23
2018-01-23
2018-01-23
2018-01-23
2018-01-23
2018-01-23
2018-01-23
2018-01-23
2018-01-23
2018-01-23
2018-01-23
2018-01-23
2018-01-23
2018-01-23
2018-01-23
2018-01-23
2018-01-23
2018-01-23
2018-01-23
2018-01-23
2018-01-23
2018-01-23
2018-01-23
2018-01-23
2018-01-23
2018-01-23
2018-01-23
2018-01-23
2018-01-23
2018-01-23
2018-01-23
2018-01-23
2018-01-23
2018-01-23
2018-01-23
2018-01-23
2018-01-23
2018-01-23
2018-01-23
2018-01-23
2018-01-23
2018-01-23
2018-01-23
2018-01-23
2018-01-23
2018-01-23
2018-01-23
2018-01-23
2018-01-23
2018-01-23
2018-01-23
2018-01-23
2018-01-23
2018-01-23
2018-01-23
2018-01-23
2018-01-23
2018-01-23
2018-01-23
2018-01-23
2018-01-23
2018-01-23
2018-01-23
2018-01-23
2018-01-23
2018-01-23
2018-01-23
2018-01-23
2018-01-23
2018-01-23
2018-01-23
2018-01-23
2018-01-23
2018-01-23
2018-01-23
2018-01-23
2018-01-23
2018-01-23
2018-01-23
2018-01-23
2018-01-23
2018-01-23
2018-01-23
2018-01-23
2018-01-23
2018-01-23
2018-01-23
2018-01-23
2018-01-23
2018-01-23
2018-01-23
2018-01-23
2018-01-23
2018-01-23
2018-01-23
2018-01-23
2019-01-15
2019-01-15
2019-01-15
2019-01-15
2019-01-15
2019-01-15
2019-01-15
2019-01-15
2019-01-15
2019-01-15
2019-01-15
2019-01-15
2019-01-15
2019-01-15
2019-01-15
2019-01-15
2019-01-15
2019-01-15
2019-01-15
2019-01-15
2019-01-15
2019-01-15
2019-01-15
2019-01-15
2019-01-15
2019-01-15
2019-01-15
2019-01-15
2019-01-15
2019-01-15
2019-01-15
2019-01-15
2019-01-15
2019-01-15
2019-01-15
2019-01-15
2019-01-15
2019-01-15
2019-01-15
2019-01-15
2019-01-15
2019-01-15
2019-01-15
2019-01-15
2019-01-15
2019-01-15
2019-01-15
2019-01-15
2019-01-15
2019-01-15
2019-01-15
2019-01-15
2019-01-15
2019-01-15
2019-01-15
2019-01-15
2019-01-15
2019-01-15
2019-01-15
2019-01-15
2019-01-15
2019-01-15
2019-01-15
2019-01-15
2019-01-15
2019-01-15
2019-01-15
2019-01-15
2019-01-15
2019-01-15
2019-01-15
2019-01-15
2019-01-15
2019-01-15
2019-01-15
2019-01-15
2019-01-15
2019-01-15
2019-01-15
2019-01-15
2019-01-15
2019-01-15
2019-01-15
2019-01-15
2019-01-15
2019-01-15
2019-01-15
2019-01-15
2019-01-15
2019-01-15
2019-01-15
2019-01-15
2019-01-15
2019-01-15
2019-01-15
2019-01-15
2019-01-15
2019-01-15
2019-01-15
2019-01-15
2019-01-15
2019-01-15
2019-01-15
2019-01-15
2019-01-15
2019-01-15
2019-01-15
2019-01-15
2019-01-15
2019-01-15
2019-01-15
2019-01-15
2019-01-15
2019-01-15
2019-01-15
2019-01-15
2019-01-15
2019-01-15
2019-01-15
2019-01-15
2019-01-15
2019-01-15
2019-01-15
2019-01-15
2019-01-15
2019-01-15
2019-01-15
2019-01-15
2019-01-15
2019-01-15
2019-01-15
2019-01-15
2019-01-15
2019-01-15
2019-01-15
2019-01-15
2019-01-15
2019-01-15
2019-01-15
2019-01-15
2019-01-15
2019-01-15
2019-01-15
2019-01-15
2019-01-15
2019-01-15
2019-01-15
2019-01-15
2019-01-15
2019-01-15
2019-01-15
2019-01-15
2019-01-15
2019-01-15
2019-01-15
2019-01-15
2019-01-15
2019-01-15
2019-01-15
2019-01-15
2019-01-15
2019-01-15
2019-01-15
2019-01-15
2019-01-15
2019-01-15
2019-01-15
2019-01-15
2019-01-15
2019-01-15
2019-01-15
2019-01-15
2019-01-15
2019-01-15
2019-01-15
2019-01-15
2019-01-15
2019-01-15
2019-01-15
2019-01-15
2019-01-15
2019-01-15
2019-01-15
2019-01-15
2019-01-15
2019-01-15
2019-01-15
2019-01-15
2019-01-15
2019-01-15
2019-01-15
2019-01-15
2019-01-15
2019-01-15
2019-01-15
2019-01-15
2019-01-15
2019-01-15
2019-01-15
2019-01-15
2019-01-15
2019-01-15
2019-01-15
2019-01-15
2019-01-15
2019-01-15
2019-01-15
2019-01-15
2019-01-15
2019-01-15
2019-01-15
2019-01-15
2019-01-15
2019-01-15
2019-01-15
2019-01-15
2019-01-15
2019-01-15
2019-01-15
2019-01-15
2019-01-15
2019-01-15
2019-01-15
2019-01-15
2019-01-15
2019-01-15
2019-01-15
2019-01-15
2019-01-15
2019-01-15
2019-01-15
2019-01-15
2019-01-15
2019-01-15
2019-01-15
2019-01-15
2019-01-15
2019-01-15
2019-01-15
2019-01-15
2019-01-15
2019-01-15
2019-01-15
2019-01-15
2019-01-15
2019-01-15
2019-01-15
2019-01-15
2019-01-15
2019-01-15
2019-01-15
2019-01-15
2019-01-15
2019-01-15
2019-01-15
2019-01-15
2019-01-15
2019-01-15
2019-01-15
2019-01-15
2019-01-15
2019-01-15
2019-01-15
2019-01-15
2019-01-15
2019-01-15
2019-01-15
2019-01-15
2019-01-15
2019-01-15
2019-01-15
2019-01-15
2019-01-15
2019-01-15
2019-01-15
2019-01-15
2019-01-15
2019-01-15
2019-01-15
2019-01-15
2019-01-15
2019-01-15
2019-01-15
2019-01-15
2019-01-15
2019-01-15
2019-01-15
2019-01-15
2019-01-15
2019-01-15
2019-01-15
2019-01-15
2019-01-15
2019-01-15
2019-01-15
2019-01-15
2019-01-15
2019-01-15
2019-01-15
2019-01-15
2020-01-22
2020-01-22
2020-01-22
2020-01-22
2020-01-22
2020-01-22
2020-01-22
2020-01-22
2020-01-22
2020-01-22
2020-01-22
2020-01-22
2020-01-22
2020-01-22
2020-01-22
2020-01-22
2020-01-22
2020-01-22
2020-01-22
2020-01-22
2020-01-22
2020-01-22
2020-01-22
2020-01-22
2020-01-22
2020-01-22
2020-01-22
2020-01-22
2020-01-22
2020-01-22
2020-01-22
2020-01-22
2020-01-22
2020-01-22
2020-01-22
2020-01-22
2020-01-22
2020-01-22
2020-01-22
2020-01-22
2020-01-22
2020-01-22
2020-01-22
2020-01-22
2020-01-22
2020-01-22
2020-01-22
2020-01-22
2020-01-22
2020-01-22
2020-01-22
2020-01-22
2020-01-22
2020-01-22
2020-01-22
2020-01-22
2020-01-22
2020-01-22
2020-01-22
2020-01-22
2020-01-22
2020-01-22
2020-01-22
2020-01-22
2020-01-22
2020-01-22
2020-01-22
2020-01-22
2020-01-22
2020-01-22
2020-01-22
2020-01-22
2020-01-22
2020-01-22
2020-01-22
2020-01-22
2020-01-22
2020-01-22
2020-01-22
2020-01-22
2020-01-22
2020-01-22
2020-01-22
2020-01-22
2020-01-22
2020-01-22
2020-01-22
2020-01-22
2020-01-22
2020-01-22
2020-01-22
2020-01-22
2020-01-22
2020-01-22
2020-01-22
2020-01-22
2020-01-22
2020-01-22
2020-01-22
2020-01-22
2020-01-22
2020-01-22
2020-01-22
2020-01-22
2020-01-22
2020-01-22
2020-01-22
2020-01-22
2020-01-22
2020-01-22
2020-01-22
2020-01-22
2020-01-22
2020-01-22
2020-01-22
2020-01-22
2020-01-22
2020-01-22
2020-01-22
2020-01-22
2020-01-22
2020-01-22
2020-01-22
2020-01-22
2020-01-22
2020-01-22
2020-01-22
2020-01-22
2020-01-22
2020-01-22
2020-01-22
2020-01-22
2020-01-22
2020-01-22
2020-01-22
2020-01-22
2020-01-22
2020-01-22
2020-01-22
2020-01-22
2020-01-22
2020-01-22
2020-01-22
2020-01-22
2020-01-22
2020-01-22
2020-01-22
2020-01-22
2020-01-22
2020-01-22
2020-01-22
2020-01-22
2020-01-22
2020-01-22
2020-01-22
2020-01-22
2020-01-22
2020-01-22
2020-01-22
2020-01-22
2020-01-22
2020-01-22
2020-01-22
2020-01-22
2020-01-22
2020-01-22
2020-01-22
2020-01-22
2020-01-22
2020-01-22
2020-01-22
2020-01-22
2020-01-22
2020-01-22
2020-01-22
2020-01-22
2020-01-22
2020-01-22
2020-01-22
2020-01-22
2020-01-22
2020-01-22
2020-01-22
2020-01-22
2020-01-22
2020-01-22
2020-01-22
2020-01-22
2020-01-22
2020-01-22
2020-01-22
2020-01-22
2020-01-22
2020-01-22
2020-01-22
2020-01-22
2020-01-22
2020-01-22
2020-01-22
2020-01-22
2020-01-22
2020-01-22
2020-01-22
2020-01-22
2020-01-22
2020-01-22
2020-01-22
2020-01-22
2020-01-22
2020-01-22
2020-01-22
2020-01-22
2020-01-22
2020-01-22
2020-01-22
2020-01-22
2020-01-22
2020-01-22
2020-01-22
2020-01-22
2020-01-22
2020-01-22
2020-01-22
2020-01-22
2020-01-22
2020-01-22
2020-01-22
2020-01-22
2020-01-22
2020-01-22
2020-01-22
2020-01-22
2020-01-22
2020-01-22
2020-01-22
2020-01-22
2020-01-22
2020-01-22
2020-01-22
2020-01-22
2020-01-22
2020-01-22
2020-01-22
2020-01-22
2020-01-22
2020-01-22
2020-01-22
2020-01-22
2020-01-22
2020-01-22
2020-01-22
2020-01-22
2020-01-22
2020-01-22
2020-01-22
2020-01-22
2020-01-22
2020-01-22
2020-01-22
2020-01-22
2020-01-22
2020-01-22
2020-01-22
2020-01-22
2020-01-22
2020-01-22
2020-01-22
2020-01-22
2020-01-22
2020-01-22
2020-01-22
2020-01-22
2020-01-22
2020-01-22
2020-01-22
2020-01-22
2020-01-22
2020-01-22
2020-01-22
2020-01-22
2020-01-22
2020-01-22
2020-01-22
2020-01-22
2020-01-22
2020-01-22
2020-01-22
2020-01-22
2020-01-22
2020-01-22
2020-01-22
2020-01-22
2020-01-22
2020-01-22
2020-01-22
2020-01-22
2020-01-22
2020-01-22
2020-01-22
2020-01-22
2017-02-15
2017-02-15
2017-02-15
2017-02-15
2017-02-15
2017-02-15
2017-02-15
2017-02-15
2017-02-15
2017-02-15
2017-02-15
2017-02-15
2017-02-15
2017-02-15
2017-02-15
2017-02-15
2017-02-15
2017-02-15
2017-02-15
2017-02-15
2017-02-15
2017-02-15
2017-02-15
2017-02-15
2017-02-15
2017-02-15
2017-02-15
2017-02-15
2017-02-15
2017-02-15
2017-02-15
2017-02-15
2017-02-15
2017-02-15
2017-02-15
2017-02-15
2017-02-15
2017-02-15
2017-02-15
2017-02-15
2017-02-15
2017-02-15
2017-02-15
2017-02-15
2017-02-15
2017-02-15
2017-02-15
2017-02-15
2017-02-15
2017-02-15
2017-02-15
2017-02-15
2017-02-15
2017-02-15
2017-02-15
2017-02-15
2017-02-15
2017-02-15
2017-02-15
2017-02-15
2017-02-15
2017-02-15
2017-02-15
2017-02-15
2017-02-15
2017-02-15
2017-02-15
2017-02-15
2017-02-15
2017-02-15
2017-02-15
2017-02-15
2017-02-15
2017-02-15
2017-02-15
2017-02-15
2017-02-15
2017-02-15
2017-02-15
2017-02-15
2017-02-15
2017-02-15
2017-02-15
2017-02-15
2017-02-15
2017-02-15
2017-02-15
2017-02-15
2017-02-15
2017-02-15
2017-02-15
2017-02-15
2017-02-15
2017-02-15
2017-02-15
2017-02-15
2017-02-15
2017-02-15
2017-02-15
2017-02-15
2017-02-15
2017-02-15
2017-02-15
2017-02-15
2017-02-15
2017-02-15
2017-02-15
2017-02-15
2017-02-15
2017-02-15
2017-02-15
2017-02-15
2017-02-15
2017-02-15
2017-02-15
2017-02-15
2017-02-15
2017-02-15
2017-02-15
2017-02-15
2017-02-15
2017-02-15
2017-02-15
2017-02-15
2017-02-15
2017-02-15
2017-02-15
2017-02-15
2017-02-15
2017-02-15
2017-02-15
2017-02-15
2017-02-15
2017-02-15
2017-02-15
2017-02-15
2017-02-15
2017-02-15
2017-02-15
2017-02-15
2017-02-15
2017-02-15
2017-02-15
2017-02-15
2017-02-15
2017-02-15
2017-02-15
2017-02-15
2017-02-15
2017-02-15
2017-02-15
2017-02-15
2017-02-15
2017-02-15
2017-02-15
2017-02-15
2017-02-15
2017-02-15
2017-02-15
2017-02-15
2017-02-15
2017-02-15
2017-02-15
2017-02-15
2017-02-15
2017-02-15
2017-02-15
2017-02-15
2017-02-15
2017-02-15
2017-02-15
2017-02-15
2017-02-15
2017-02-15
2017-02-15
2017-02-15
2017-02-15
2017-02-15
2017-02-15
2017-02-15
2017-02-15
2017-02-15
2017-02-15
2017-02-15
2017-02-15
2017-02-15
2017-02-15
2017-02-15
2017-02-15
2017-02-15
2017-02-15
2017-02-15
2017-02-15
2017-02-15
2017-02-15
2017-02-15
2017-02-15
2017-02-15
2017-02-15
2017-02-15
2017-02-15
2017-02-15
2017-02-15
2017-02-15
2017-02-15
2017-02-15
2017-02-15
2017-02-15
2017-02-15
2017-02-15
2017-02-15
2017-02-15
2017-02-15
2017-02-15
2017-02-15
2017-02-15
2017-02-15
2017-02-15
2017-02-15
2017-02-15
2017-02-15
2017-02-15
2017-02-15
2017-02-15
2017-02-15
2017-02-15
2017-02-15
2017-02-15
2017-02-15
2017-02-15
2017-02-15
2017-02-15
2017-02-15
2017-02-15
2017-02-15
2017-02-15
2017-02-15
2017-02-15
2017-02-15
2017-02-15
2017-02-15
2017-02-15
2017-02-15
2017-02-15
2017-02-15
2017-02-15
2017-02-15
2017-02-15
2017-02-15
2017-02-15
2017-02-15
2017-02-15
2017-02-15
2017-02-15
2017-02-15
2017-02-15
2017-02-15
2017-02-15
2017-02-15
2017-02-15
2017-02-15
2017-02-15
2017-02-15
2017-02-15
2017-02-15
2017-02-15
2017-02-15
2017-02-15
2017-02-15
2017-02-15
2017-02-15
2017-02-15
2017-02-15
2017-02-15
2017-02-15
2017-02-15
2017-02-15
2017-02-15
2017-02-15
2017-02-15
2017-02-15
2017-02-15
2017-02-15
2017-02-15
2017-02-15
2017-02-15
2017-02-15
2017-02-15
2017-02-15
2017-02-15
2017-02-15
2017-02-15
2017-02-15
2017-02-15
2017-02-15
2017-02-15
2017-02-15
2017-02-15
2017-02-15
2017-02-15
2018-02-14
2018-02-14
2018-02-14
2018-02-14
2018-02-14
2018-02-14
2018-02-14
2018-02-14
2018-02-14
2018-02-14
2018-02-14
2018-02-14
2018-02-14
2018-02-14
2018-02-14
2018-02-14
2018-02-14
2018-02-14
2018-02-14
2018-02-14
2018-02-14
2018-02-14
2018-02-14
2018-02-14
2018-02-14
2018-02-14
2018-02-14
2018-02-14
2018-02-14
2018-02-14
2018-02-14
2018-02-14
2018-02-14
2018-02-14
2018-02-14
2018-02-14
2018-02-14
2018-02-14
2018-02-14
2018-02-14
2018-02-14
2018-02-14
2018-02-14
2018-02-14
2018-02-14
2018-02-14
2018-02-14
2018-02-14
2018-02-14
2018-02-14
2018-02-14
2018-02-14
2018-02-14
2018-02-14
2018-02-14
2018-02-14
2018-02-14
2018-02-14
2018-02-14
2018-02-14
2018-02-14
2018-02-14
2018-02-14
2018-02-14
2018-02-14
2018-02-14
2018-02-14
2018-02-14
2018-02-14
2018-02-14
2018-02-14
2018-02-14
2018-02-14
2018-02-14
2018-02-14
2018-02-14
2018-02-14
2018-02-14
2018-02-14
2018-02-14
2018-02-14
2018-02-14
2018-02-14
2018-02-14
2018-02-14
2018-02-14
2018-02-14
2018-02-14
2018-02-14
2018-02-14
2018-02-14
2018-02-14
2018-02-14
2018-02-14
2018-02-14
2018-02-14
2018-02-14
2018-02-14
2018-02-14
2018-02-14
2018-02-14
2018-02-14
2018-02-14
2018-02-14
2018-02-14
2018-02-14
2018-02-14
2018-02-14
2018-02-14
2018-02-14
2018-02-14
2018-02-14
2018-02-14
2018-02-14
2018-02-14
2018-02-14
2018-02-14
2018-02-14
2018-02-14
2018-02-14
2018-02-14
2018-02-14
2018-02-14
2018-02-14
2018-02-14
2018-02-14
2018-02-14
2018-02-14
2018-02-14
2018-02-14
2018-02-14
2018-02-14
2018-02-14
2018-02-14
2018-02-14
2018-02-14
2018-02-14
2018-02-14
2018-02-14
2018-02-14
2018-02-14
2018-02-14
2018-02-14
2018-02-14
2018-02-14
2018-02-14
2018-02-14
2018-02-14
2018-02-14
2018-02-14
2018-02-14
2018-02-14
2018-02-14
2018-02-14
2018-02-14
2018-02-14
2018-02-14
2018-02-14
2018-02-14
2018-02-14
2018-02-14
2018-02-14
2018-02-14
2018-02-14
2018-02-14
2018-02-14
2018-02-14
2018-02-14
2018-02-14
2018-02-14
2018-02-14
2018-02-14
2018-02-14
2018-02-14
2018-02-14
2018-02-14
2018-02-14
2018-02-14
2018-02-14
2018-02-14
2018-02-14
2018-02-14
2018-02-14
2018-02-14
2018-02-14
2018-02-14
2018-02-14
2018-02-14
2018-02-14
2018-02-14
2018-02-14
2018-02-14
2018-02-14
2018-02-14
2018-02-14
2018-02-14
2018-02-14
2018-02-14
2018-02-14
2018-02-14
2018-02-14
2018-02-14
2018-02-14
2018-02-14
2018-02-14
2018-02-14
2018-02-14
2018-02-14
2018-02-14
2018-02-14
2018-02-14
2018-02-14
2018-02-14
2018-02-14
2018-02-14
2018-02-14
2018-02-14
2018-02-14
2018-02-14
2018-02-14
2018-02-14
2018-02-14
2018-02-14
2018-02-14
2018-02-14
2018-02-14
2018-02-14
2018-02-14
2018-02-14
2018-02-14
2018-02-14
2018-02-14
2018-02-14
2018-02-14
2018-02-14
2018-02-14
2018-02-14
2018-02-14
2018-02-14
2018-02-14
2018-02-14
2018-02-14
2018-02-14
2018-02-14
2018-02-14
2018-02-14
2018-02-14
2018-02-14
2018-02-14
2018-02-14
2018-02-14
2018-02-14
2018-02-14
2018-02-14
2018-02-14
2018-02-14
2018-02-14
2018-02-14
2018-02-14
2018-02-14
2018-02-14
2018-02-14
2018-02-14
2018-02-14
2018-02-14
2018-02-14
2018-02-14
2018-02-14
2018-02-14
2018-02-14
2018-02-14
2018-02-14
2018-02-14
2018-02-14
2018-02-14
2018-02-14
2018-02-14
2018-02-14
2018-02-14
2018-02-14
2018-02-14
2018-02-14
2018-02-14
2018-02-14
2018-02-14
2018-02-14
2018-02-14
2018-02-14
2018-02-14
2018-02-14
2018-02-14
2018-02-14
2018-02-14
2018-02-14
2018-02-14
2018-02-14
2018-02-14
2018-02-14
2018-02-14
2018-02-14
2019-02-14
2019-02-14
2019-02-14
2019-02-14
2019-02-14
2019-02-14
2019-02-14
2019-02-14
2019-02-14
2019-02-14
2019-02-14
2019-02-14
2019-02-14
2019-02-14
2019-02-14
2019-02-14
2019-02-14
2019-02-14
2019-02-14
2019-02-14
2019-02-14
2019-02-14
2019-02-14
2019-02-14
2019-02-14
2019-02-14
2019-02-14
2019-02-14
2019-02-14
2019-02-14
2019-02-14
2019-02-14
2019-02-14
2019-02-14
2019-02-14
2019-02-14
2019-02-14
2019-02-14
2019-02-14
2019-02-14
2019-02-14
2019-02-14
2019-02-14
2019-02-14
2019-02-14
2019-02-14
2019-02-14
2019-02-14
2019-02-14
2019-02-14
2019-02-14
2019-02-14
2019-02-14
2019-02-14
2019-02-14
2019-02-14
2019-02-14
2019-02-14
2019-02-14
2019-02-14
2019-02-14
2019-02-14
2019-02-14
2019-02-14
2019-02-14
2019-02-14
2019-02-14
2019-02-14
2019-02-14
2019-02-14
2019-02-14
2019-02-14
2019-02-14
2019-02-14
2019-02-14
2019-02-14
2019-02-14
2019-02-14
2019-02-14
2019-02-14
2019-02-14
2019-02-14
2019-02-14
2019-02-14
2019-02-14
2019-02-14
2019-02-14
2019-02-14
2019-02-14
2019-02-14
2019-02-14
2019-02-14
2019-02-14
2019-02-14
2019-02-14
2019-02-14
2019-02-14
2019-02-14
2019-02-14
2019-02-14
2019-02-14
2019-02-14
2019-02-14
2019-02-14
2019-02-14
2019-02-14
2019-02-14
2019-02-14
2019-02-14
2019-02-14
2019-02-14
2019-02-14
2019-02-14
2019-02-14
2019-02-14
2019-02-14
2019-02-14
2019-02-14
2019-02-14
2019-02-14
2019-02-14
2019-02-14
2019-02-14
2019-02-14
2019-02-14
2019-02-14
2019-02-14
2019-02-14
2019-02-14
2019-02-14
2019-02-14
2019-02-14
2019-02-14
2019-02-14
2019-02-14
2019-02-14
2019-02-14
2019-02-14
2019-02-14
2019-02-14
2019-02-14
2019-02-14
2019-02-14
2019-02-14
2019-02-14
2019-02-14
2019-02-14
2019-02-14
2019-02-14
2019-02-14
2019-02-14
2019-02-14
2019-02-14
2019-02-14
2019-02-14
2019-02-14
2019-02-14
2019-02-14
2019-02-14
2019-02-14
2019-02-14
2019-02-14
2019-02-14
2019-02-14
2019-02-14
2019-02-14
2019-02-14
2019-02-14
2019-02-14
2019-02-14
2019-02-14
2019-02-14
2019-02-14
2019-02-14
2019-02-14
2019-02-14
2019-02-14
2019-02-14
2019-02-14
2019-02-14
2019-02-14
2019-02-14
2019-02-14
2019-02-14
2019-02-14
2019-02-14
2019-02-14
2019-02-14
2019-02-14
2019-02-14
2019-02-14
2019-02-14
2019-02-14
2019-02-14
2019-02-14
2019-02-14
2019-02-14
2019-02-14
2019-02-14
2019-02-14
2019-02-14
2019-02-14
2019-02-14
2019-02-14
2019-02-14
2019-02-14
2019-02-14
2019-02-14
2019-02-14
2019-02-14
2019-02-14
2019-02-14
2019-02-14
2019-02-14
2019-02-14
2019-02-14
2019-02-14
2019-02-14
2019-02-14
2019-02-14
2019-02-14
2019-02-14
2019-02-14
2019-02-14
2019-02-14
2019-02-14
2019-02-14
2019-02-14
2019-02-14
2019-02-14
2019-02-14
2019-02-14
2019-02-14
2019-02-14
2019-02-14
2019-02-14
2019-02-14
2019-02-14
2019-02-14
2019-02-14
2019-02-14
2019-02-14
2019-02-14
2019-02-14
2019-02-14
2019-02-14
2019-02-14
2019-02-14
2019-02-14
2019-02-14
2019-02-14
2019-02-14
2019-02-14
2019-02-14
2019-02-14
2019-02-14
2019-02-14
2019-02-14
2019-02-14
2019-02-14
2019-02-14
2019-02-14
2019-02-14
2019-02-14
2019-02-14
2019-02-14
2019-02-14
2019-02-14
2019-02-14
2019-02-14
2019-02-14
2019-02-14
2019-02-14
2019-02-14
2019-02-14
2019-02-14
2019-02-14
2019-02-14
2019-02-14
2019-02-14
2019-02-14
2019-02-14
2019-02-14
2019-02-14
2019-02-14
2019-02-14
2019-02-14
2019-02-14
2019-02-14
2019-02-14
2019-02-14
2019-02-14
2019-02-14
2019-02-14
2019-02-14
2019-02-14
2019-02-14
2019-02-14
2019-02-14
2019-02-14
2020-02-24
2020-02-24
2020-02-24
2020-02-24
2020-02-24
2020-02-24
2020-02-24
2020-02-24
2020-02-24
2020-02-24
2020-02-24
2020-02-24
2020-02-24
2020-02-24
2020-02-24
2020-02-24
2020-02-24
2020-02-24
2020-02-24
2020-02-24
2020-02-24
2020-02-24
2020-02-24
2020-02-24
2020-02-24
2020-02-24
2020-02-24
2020-02-24
2020-02-24
2020-02-24
2020-02-24
2020-02-24
2020-02-24
2020-02-24
2020-02-24
2020-02-24
2020-02-24
2020-02-24
2020-02-24
2020-02-24
2020-02-24
2020-02-24
2020-02-24
2020-02-24
2020-02-24
2020-02-24
2020-02-24
2020-02-24
2020-02-24
2020-02-24
2020-02-24
2020-02-24
2020-02-24
2020-02-24
2020-02-24
2020-02-24
2020-02-24
2020-02-24
2020-02-24
2020-02-24
2020-02-24
2020-02-24
2020-02-24
2020-02-24
2020-02-24
2020-02-24
2020-02-24
2020-02-24
2020-02-24
2020-02-24
2020-02-24
2020-02-24
2020-02-24
2020-02-24
2020-02-24
2020-02-24
2020-02-24
2020-02-24
2020-02-24
2020-02-24
2020-02-24
2020-02-24
2020-02-24
2020-02-24
2020-02-24
2020-02-24
2020-02-24
2020-02-24
2020-02-24
2020-02-24
2020-02-24
2020-02-24
2020-02-24
2020-02-24
2020-02-24
2020-02-24
2020-02-24
2020-02-24
2020-02-24
2020-02-24
2020-02-24
2020-02-24
2020-02-24
2020-02-24
2020-02-24
2020-02-24
2020-02-24
2020-02-24
2020-02-24
2020-02-24
2020-02-24
2020-02-24
2020-02-24
2020-02-24
2020-02-24
2020-02-24
2020-02-24
2020-02-24
2020-02-24
2020-02-24
2020-02-24
2020-02-24
2020-02-24
2020-02-24
2020-02-24
2020-02-24
2020-02-24
2020-02-24
2020-02-24
2020-02-24
2020-02-24
2020-02-24
2020-02-24
2020-02-24
2020-02-24
2020-02-24
2020-02-24
2020-02-24
2020-02-24
2020-02-24
2020-02-24
2020-02-24
2020-02-24
2020-02-24
2020-02-24
2020-02-24
2020-02-24
2020-02-24
2020-02-24
2020-02-24
2020-02-24
2020-02-24
2020-02-24
2020-02-24
2020-02-24
2020-02-24
2020-02-24
2020-02-24
2020-02-24
2020-02-24
2020-02-24
2020-02-24
2020-02-24
2020-02-24
2020-02-24
2020-02-24
2020-02-24
2020-02-24
2020-02-24
2020-02-24
2020-02-24
2020-02-24
2020-02-24
2020-02-24
2020-02-24
2020-02-24
2020-02-24
2020-02-24
2020-02-24
2020-02-24
2020-02-24
2020-02-24
2020-02-24
2020-02-24
2020-02-24
2020-02-24
2020-02-24
2020-02-24
2020-02-24
2020-02-24
2020-02-24
2020-02-24
2020-02-24
2020-02-24
2020-02-24
2020-02-24
2020-02-24
2020-02-24
2020-02-24
2020-02-24
2020-02-24
2020-02-24
2020-02-24
2020-02-24
2020-02-24
2020-02-24
2020-02-24
2020-02-24
2020-02-24
2020-02-24
2020-02-24
2020-02-24
2020-02-24
2020-02-24
2020-02-24
2020-02-24
2020-02-24
2020-02-24
2020-02-24
2020-02-24
2020-02-24
2020-02-24
2020-02-24
2020-02-24
2020-02-24
2020-02-24
2020-02-24
2020-02-24
2020-02-24
2020-02-24
2020-02-24
2020-02-24
2020-02-24
2020-02-24
2020-02-24
2020-02-24
2020-02-24
2020-02-24
2020-02-24
2020-02-24
2020-02-24
2020-02-24
2020-02-24
2020-02-24
2020-02-24
2020-02-24
2020-02-24
2020-02-24
2020-02-24
2020-02-24
2020-02-24
2020-02-24
2020-02-24
2020-02-24
2020-02-24
2020-02-24
2020-02-24
2020-02-24
2020-02-24
2020-02-24
2020-02-24
2020-02-24
2020-02-24
2020-02-24
2020-02-24
2020-02-24
2020-02-24
2020-02-24
2020-02-24
2020-02-24
2020-02-24
2020-02-24
2020-02-24
2020-02-24
2020-02-24
2020-02-24
2020-02-24
2020-02-24
2020-02-24
2020-02-24
2020-02-24
2020-02-24
2020-02-24
2020-02-24
2020-02-24
2020-02-24
2020-02-24
2020-02-24
2020-02-24
2020-02-24
2020-02-24
2020-02-24
2020-02-24
2020-02-24
2020-02-24
2020-02-24
2020-02-24
2020-02-24
2020-02-24
2020-02-24
2017-03-08
2017-03-08
2017-03-08
2017-03-08
2017-03-08
2017-03-08
2017-03-08
2017-03-08
2017-03-08
2017-03-08
2017-03-08
2017-03-08
2017-03-08
2017-03-08
2017-03-08
2017-03-08
2017-03-08
2017-03-08
2017-03-08
2017-03-08
2017-03-08
2017-03-08
2017-03-08
2017-03-08
2017-03-08
2017-03-08
2017-03-08
2017-03-08
2017-03-08
2017-03-08
2017-03-08
2017-03-08
2017-03-08
2017-03-08
2017-03-08
2017-03-08
2017-03-08
2017-03-08
2017-03-08
2017-03-08
2017-03-08
2017-03-08
2017-03-08
2017-03-08
2017-03-08
2017-03-08
2017-03-08
2017-03-08
2017-03-08
2017-03-08
2017-03-08
2017-03-08
2017-03-08
2017-03-08
2017-03-08
2017-03-08
2017-03-08
2017-03-08
2017-03-08
2017-03-08
2017-03-08
2017-03-08
2017-03-08
2017-03-08
2017-03-08
2017-03-08
2017-03-08
2017-03-08
2017-03-08
2017-03-08
2017-03-08
2017-03-08
2017-03-08
2017-03-08
2017-03-08
2017-03-08
2017-03-08
2017-03-08
2017-03-08
2017-03-08
2017-03-08
2017-03-08
2017-03-08
2017-03-08
2017-03-08
2017-03-08
2017-03-08
2017-03-08
2017-03-08
2017-03-08
2017-03-08
2017-03-08
2017-03-08
2017-03-08
2017-03-08
2017-03-08
2017-03-08
2017-03-08
2017-03-08
2017-03-08
2017-03-08
2017-03-08
2017-03-08
2017-03-08
2017-03-08
2017-03-08
2017-03-08
2017-03-08
2017-03-08
2017-03-08
2017-03-08
2017-03-08
2017-03-08
2017-03-08
2017-03-08
2017-03-08
2017-03-08
2017-03-08
2017-03-08
2017-03-08
2017-03-08
2017-03-08
2017-03-08
2017-03-08
2017-03-08
2017-03-08
2017-03-08
2017-03-08
2017-03-08
2017-03-08
2017-03-08
2017-03-08
2017-03-08
2017-03-08
2017-03-08
2017-03-08
2017-03-08
2017-03-08
2017-03-08
2017-03-08
2017-03-08
2017-03-08
2017-03-08
2017-03-08
2017-03-08
2017-03-08
2017-03-08
2017-03-08
2017-03-08
2017-03-08
2017-03-08
2017-03-08
2017-03-08
2017-03-08
2017-03-08
2017-03-08
2017-03-08
2017-03-08
2017-03-08
2017-03-08
2017-03-08
2017-03-08
2017-03-08
2017-03-08
2017-03-08
2017-03-08
2017-03-08
2017-03-08
2017-03-08
2017-03-08
2017-03-08
2017-03-08
2017-03-08
2017-03-08
2017-03-08
2017-03-08
2017-03-08
2017-03-08
2017-03-08
2017-03-08
2017-03-08
2017-03-08
2017-03-08
2017-03-08
2017-03-08
2017-03-08
2017-03-08
2017-03-08
2017-03-08
2017-03-08
2017-03-08
2017-03-08
2017-03-08
2017-03-08
2017-03-08
2017-03-08
2017-03-08
2017-03-08
2017-03-08
2017-03-08
2017-03-08
2017-03-08
2017-03-08
2017-03-08
2017-03-08
2017-03-08
2017-03-08
2017-03-08
2017-03-08
2017-03-08
2017-03-08
2017-03-08
2017-03-08
2017-03-08
2017-03-08
2017-03-08
2017-03-08
2017-03-08
2017-03-08
2017-03-08
2017-03-08
2017-03-08
2017-03-08
2017-03-08
2017-03-08
2017-03-08
2017-03-08
2017-03-08
2017-03-08
2017-03-08
2017-03-08
2017-03-08
2017-03-08
2017-03-08
2017-03-08
2017-03-08
2017-03-08
2017-03-08
2017-03-08
2017-03-08
2017-03-08
2017-03-08
2017-03-08
2017-03-08
2017-03-08
2017-03-08
2017-03-08
2017-03-08
2017-03-08
2017-03-08
2017-03-08
2017-03-08
2017-03-08
2017-03-08
2017-03-08
2017-03-08
2017-03-08
2017-03-08
2017-03-08
2017-03-08
2017-03-08
2017-03-08
2017-03-08
2017-03-08
2017-03-08
2017-03-08
2017-03-08
2017-03-08
2017-03-08
2017-03-08
2017-03-08
2017-03-08
2017-03-08
2017-03-08
2017-03-08
2017-03-08
2017-03-08
2017-03-08
2017-03-08
2017-03-08
2017-03-08
2017-03-08
2017-03-08
2017-03-08
2017-03-08
2017-03-08
2017-03-08
2017-03-08
2017-03-08
2017-03-08
2017-03-08
2017-03-08
2017-03-08
2017-03-08
2017-03-08
2017-03-08
2017-03-08
2017-03-08
2017-03-08
2017-03-08
2017-03-20
2017-03-20
2017-03-20
2017-03-20
2017-03-20
2017-03-20
2017-03-20
2017-03-20
2017-03-20
2017-03-20
2017-03-20
2017-03-20
2017-03-20
2017-03-20
2017-03-20
2017-03-20
2017-03-20
2017-03-20
2017-03-20
2017-03-20
2017-03-20
2017-03-20
2017-03-20
2017-03-20
2017-03-20
2017-03-20
2017-03-20
2017-03-20
2017-03-20
2017-03-20
2017-03-20
2017-03-20
2017-03-20
2017-03-20
2017-03-20
2017-03-20
2017-03-20
2017-03-20
2017-03-20
2017-03-20
2017-03-20
2017-03-20
2017-03-20
2017-03-20
2017-03-20
2017-03-20
2017-03-20
2017-03-20
2017-03-20
2017-03-20
2017-03-20
2017-03-20
2017-03-20
2017-03-20
2017-03-20
2017-03-20
2017-03-20
2017-03-20
2017-03-20
2017-03-20
2017-03-20
2017-03-20
2017-03-20
2017-03-20
2017-03-20
2017-03-20
2017-03-20
2017-03-20
2017-03-20
2017-03-20
2017-03-20
2017-03-20
2017-03-20
2017-03-20
2017-03-20
2017-03-20
2017-03-20
2017-03-20
2017-03-20
2017-03-20
2017-03-20
2017-03-20
2017-03-20
2017-03-20
2017-03-20
2017-03-20
2017-03-20
2017-03-20
2017-03-20
2017-03-20
2017-03-20
2017-03-20
2017-03-20
2017-03-20
2017-03-20
2017-03-20
2017-03-20
2017-03-20
2017-03-20
2017-03-20
2017-03-20
2017-03-20
2017-03-20
2017-03-20
2017-03-20
2017-03-20
2017-03-20
2017-03-20
2017-03-20
2017-03-20
2017-03-20
2017-03-20
2017-03-20
2017-03-20
2017-03-20
2017-03-20
2017-03-20
2017-03-20
2017-03-20
2017-03-20
2017-03-20
2017-03-20
2017-03-20
2017-03-20
2017-03-20
2017-03-20
2017-03-20
2017-03-20
2017-03-20
2017-03-20
2017-03-20
2017-03-20
2017-03-20
2017-03-20
2017-03-20
2017-03-20
2017-03-20
2017-03-20
2017-03-20
2017-03-20
2017-03-20
2017-03-20
2017-03-20
2017-03-20
2017-03-20
2017-03-20
2017-03-20
2017-03-20
2017-03-20
2017-03-20
2017-03-20
2017-03-20
2017-03-20
2017-03-20
2017-03-20
2017-03-20
2017-03-20
2017-03-20
2017-03-20
2017-03-20
2017-03-20
2017-03-20
2017-03-20
2017-03-20
2017-03-20
2017-03-20
2017-03-20
2017-03-20
2017-03-20
2017-03-20
2017-03-20
2017-03-20
2017-03-20
2017-03-20
2017-03-20
2017-03-20
2017-03-20
2017-03-20
2017-03-20
2017-03-20
2017-03-20
2017-03-20
2017-03-20
2017-03-20
2017-03-20
2017-03-20
2017-03-20
2017-03-20
2017-03-20
2017-03-20
2017-03-20
2017-03-20
2017-03-20
2017-03-20
2017-03-20
2017-03-20
2017-03-20
2017-03-20
2017-03-20
2017-03-20
2017-03-20
2017-03-20
2017-03-20
2017-03-20
2017-03-20
2017-03-20
2017-03-20
2017-03-20
2017-03-20
2017-03-20
2017-03-20
2017-03-20
2017-03-20
2017-03-20
2017-03-20
2017-03-20
2017-03-20
2017-03-20
2017-03-20
2017-03-20
2017-03-20
2017-03-20
2017-03-20
2017-03-20
2017-03-20
2017-03-20
2017-03-20
2017-03-20
2017-03-20
2017-03-20
2017-03-20
2017-03-20
2017-03-20
2017-03-20
2017-03-20
2017-03-20
2017-03-20
2017-03-20
2017-03-20
2017-03-20
2017-03-20
2017-03-20
2017-03-20
2017-03-20
2017-03-20
2017-03-20
2017-03-20
2017-03-20
2017-03-20
2017-03-20
2017-03-20
2017-03-20
2017-03-20
2017-03-20
2017-03-20
2017-03-20
2017-03-20
2017-03-20
2017-03-20
2017-03-20
2017-03-20
2017-03-20
2017-03-20
2017-03-20
2017-03-20
2017-03-20
2017-03-20
2017-03-20
2017-03-20
2017-03-20
2017-03-20
2017-03-20
2017-03-20
2017-03-20
2017-03-20
2017-03-20
2017-03-20
2017-03-20
2017-03-20
2017-03-20
2017-03-20
2017-03-20
2017-03-20
2017-03-20
2017-03-20
2017-03-20
2017-03-20
2017-03-20
2017-03-20
2017-03-20
2017-03-20
2017-03-20
2017-03-20
2017-03-20
2017-03-20
2017-03-20
2017-03-20
2017-03-20
2017-03-20
2017-03-20
2018-03-06
2018-03-06
2018-03-06
2018-03-06
2018-03-06
2018-03-06
2018-03-06
2018-03-06
2018-03-06
2018-03-06
2018-03-06
2018-03-06
2018-03-06
2018-03-06
2018-03-06
2018-03-06
2018-03-06
2018-03-06
2018-03-06
2018-03-06
2018-03-06
2018-03-06
2018-03-06
2018-03-06
2018-03-06
2018-03-06
2018-03-06
2018-03-06
2018-03-06
2018-03-06
2018-03-06
2018-03-06
2018-03-06
2018-03-06
2018-03-06
2018-03-06
2018-03-06
2018-03-06
2018-03-06
2018-03-06
2018-03-06
2018-03-06
2018-03-06
2018-03-06
2018-03-06
2018-03-06
2018-03-06
2018-03-06
2018-03-06
2018-03-06
2018-03-06
2018-03-06
2018-03-06
2018-03-06
2018-03-06
2018-03-06
2018-03-06
2018-03-06
2018-03-06
2018-03-06
2018-03-06
2018-03-06
2018-03-06
2018-03-06
2018-03-06
2018-03-06
2018-03-06
2018-03-06
2018-03-06
2018-03-06
2018-03-06
2018-03-06
2018-03-06
2018-03-06
2018-03-06
2018-03-06
2018-03-06
2018-03-06
2018-03-06
2018-03-06
2018-03-06
2018-03-06
2018-03-06
2018-03-06
2018-03-06
2018-03-06
2018-03-06
2018-03-06
2018-03-06
2018-03-06
2018-03-06
2018-03-06
2018-03-06
2018-03-06
2018-03-06
2018-03-06
2018-03-06
2018-03-06
2018-03-06
2018-03-06
2018-03-06
2018-03-06
2018-03-06
2018-03-06
2018-03-06
2018-03-06
2018-03-06
2018-03-06
2018-03-06
2018-03-06
2018-03-06
2018-03-06
2018-03-06
2018-03-06
2018-03-06
2018-03-06
2018-03-06
2018-03-06
2018-03-06
2018-03-06
2018-03-06
2018-03-06
2018-03-06
2018-03-06
2018-03-06
2018-03-06
2018-03-06
2018-03-06
2018-03-06
2018-03-06
2018-03-06
2018-03-06
2018-03-06
2018-03-06
2018-03-06
2018-03-06
2018-03-06
2018-03-06
2018-03-06
2018-03-06
2018-03-06
2018-03-06
2018-03-06
2018-03-06
2018-03-06
2018-03-06
2018-03-06
2018-03-06
2018-03-06
2018-03-06
2018-03-06
2018-03-06
2018-03-06
2018-03-06
2018-03-06
2018-03-06
2018-03-06
2018-03-06
2018-03-06
2018-03-06
2018-03-06
2018-03-06
2018-03-06
2018-03-06
2018-03-06
2018-03-06
2018-03-06
2018-03-06
2018-03-06
2018-03-06
2018-03-06
2018-03-06
2018-03-06
2018-03-06
2018-03-06
2018-03-06
2018-03-06
2018-03-06
2018-03-06
2018-03-06
2018-03-06
2018-03-06
2018-03-06
2018-03-06
2018-03-06
2018-03-06
2018-03-06
2018-03-06
2018-03-06
2018-03-06
2018-03-06
2018-03-06
2018-03-06
2018-03-06
2018-03-06
2018-03-06
2018-03-06
2018-03-06
2018-03-06
2018-03-06
2018-03-06
2018-03-06
2018-03-06
2018-03-06
2018-03-06
2018-03-06
2018-03-06
2018-03-06
2018-03-06
2018-03-06
2018-03-06
2018-03-06
2018-03-06
2018-03-06
2018-03-06
2018-03-06
2018-03-06
2018-03-06
2018-03-06
2018-03-06
2018-03-06
2018-03-06
2018-03-06
2018-03-06
2018-03-06
2018-03-06
2018-03-06
2018-03-06
2018-03-06
2018-03-06
2018-03-06
2018-03-06
2018-03-06
2018-03-06
2018-03-06
2018-03-06
2018-03-06
2018-03-06
2018-03-06
2018-03-06
2018-03-06
2018-03-06
2018-03-06
2018-03-06
2018-03-06
2018-03-06
2018-03-06
2018-03-06
2018-03-06
2018-03-06
2018-03-06
2018-03-06
2018-03-06
2018-03-06
2018-03-06
2018-03-06
2018-03-06
2018-03-06
2018-03-06
2018-03-06
2018-03-06
2018-03-06
2018-03-06
2018-03-06
2018-03-06
2018-03-06
2018-03-06
2018-03-06
2018-03-06
2018-03-06
2018-03-06
2018-03-06
2018-03-06
2018-03-06
2018-03-06
2018-03-06
2018-03-06
2018-03-06
2018-03-06
2018-03-06
2018-03-06
2018-03-06
2018-03-06
2018-03-06
2018-03-06
2018-03-06
2018-03-06
2018-03-06
2018-03-06
2018-03-06
2018-03-06
2018-03-06
2018-03-06
2018-03-06
2018-03-06
2018-03-06
2018-03-06
2018-03-06
2018-03-06
2018-03-06
2018-03-26
2018-03-26
2018-03-26
2018-03-26
2018-03-26
2018-03-26
2018-03-26
2018-03-26
2018-03-26
2018-03-26
2018-03-26
2018-03-26
2018-03-26
2018-03-26
2018-03-26
2018-03-26
2018-03-26
2018-03-26
2018-03-26
2018-03-26
2018-03-26
2018-03-26
2018-03-26
2018-03-26
2018-03-26
2018-03-26
2018-03-26
2018-03-26
2018-03-26
2018-03-26
2018-03-26
2018-03-26
2018-03-26
2018-03-26
2018-03-26
2018-03-26
2018-03-26
2018-03-26
2018-03-26
2018-03-26
2018-03-26
2018-03-26
2018-03-26
2018-03-26
2018-03-26
2018-03-26
2018-03-26
2018-03-26
2018-03-26
2018-03-26
2018-03-26
2018-03-26
2018-03-26
2018-03-26
2018-03-26
2018-03-26
2018-03-26
2018-03-26
2018-03-26
2018-03-26
2018-03-26
2018-03-26
2018-03-26
2018-03-26
2018-03-26
2018-03-26
2018-03-26
2018-03-26
2018-03-26
2018-03-26
2018-03-26
2018-03-26
2018-03-26
2018-03-26
2018-03-26
2018-03-26
2018-03-26
2018-03-26
2018-03-26
2018-03-26
2018-03-26
2018-03-26
2018-03-26
2018-03-26
2018-03-26
2018-03-26
2018-03-26
2018-03-26
2018-03-26
2018-03-26
2018-03-26
2018-03-26
2018-03-26
2018-03-26
2018-03-26
2018-03-26
2018-03-26
2018-03-26
2018-03-26
2018-03-26
2018-03-26
2018-03-26
2018-03-26
2018-03-26
2018-03-26
2018-03-26
2018-03-26
2018-03-26
2018-03-26
2018-03-26
2018-03-26
2018-03-26
2018-03-26
2018-03-26
2018-03-26
2018-03-26
2018-03-26
2018-03-26
2018-03-26
2018-03-26
2018-03-26
2018-03-26
2018-03-26
2018-03-26
2018-03-26
2018-03-26
2018-03-26
2018-03-26
2018-03-26
2018-03-26
2018-03-26
2018-03-26
2018-03-26
2018-03-26
2018-03-26
2018-03-26
2018-03-26
2018-03-26
2018-03-26
2018-03-26
2018-03-26
2018-03-26
2018-03-26
2018-03-26
2018-03-26
2018-03-26
2018-03-26
2018-03-26
2018-03-26
2018-03-26
2018-03-26
2018-03-26
2018-03-26
2018-03-26
2018-03-26
2018-03-26
2018-03-26
2018-03-26
2018-03-26
2018-03-26
2018-03-26
2018-03-26
2018-03-26
2018-03-26
2018-03-26
2018-03-26
2018-03-26
2018-03-26
2018-03-26
2018-03-26
2018-03-26
2018-03-26
2018-03-26
2018-03-26
2018-03-26
2018-03-26
2018-03-26
2018-03-26
2018-03-26
2018-03-26
2018-03-26
2018-03-26
2018-03-26
2018-03-26
2018-03-26
2018-03-26
2018-03-26
2018-03-26
2018-03-26
2018-03-26
2018-03-26
2018-03-26
2018-03-26
2018-03-26
2018-03-26
2018-03-26
2018-03-26
2018-03-26
2018-03-26
2018-03-26
2018-03-26
2018-03-26
2018-03-26
2018-03-26
2018-03-26
2018-03-26
2018-03-26
2018-03-26
2018-03-26
2018-03-26
2018-03-26
2018-03-26
2018-03-26
2018-03-26
2018-03-26
2018-03-26
2018-03-26
2018-03-26
2018-03-26
2018-03-26
2018-03-26
2018-03-26
2018-03-26
2018-03-26
2018-03-26
2018-03-26
2018-03-26
2018-03-26
2018-03-26
2018-03-26
2018-03-26
2018-03-26
2018-03-26
2018-03-26
2018-03-26
2018-03-26
2018-03-26
2018-03-26
2018-03-26
2018-03-26
2018-03-26
2018-03-26
2018-03-26
2018-03-26
2018-03-26
2018-03-26
2018-03-26
2018-03-26
2018-03-26
2018-03-26
2018-03-26
2018-03-26
2018-03-26
2018-03-26
2018-03-26
2018-03-26
2018-03-26
2018-03-26
2018-03-26
2018-03-26
2018-03-26
2018-03-26
2018-03-26
2018-03-26
2018-03-26
2018-03-26
2018-03-26
2018-03-26
2018-03-26
2018-03-26
2018-03-26
2018-03-26
2018-03-26
2018-03-26
2018-03-26
2018-03-26
2018-03-26
2018-03-26
2018-03-26
2018-03-26
2018-03-26
2018-03-26
2018-03-26
2018-03-26
2018-03-26
2018-03-26
2018-03-26
2018-03-26
2018-03-26
2018-03-26
2018-03-26
2018-03-26
2018-03-26
2018-03-26
2018-03-26
2018-03-26
2018-03-26
2018-03-26
2018-03-26
2018-03-26
2019-03-06
2019-03-06
2019-03-06
2019-03-06
2019-03-06
2019-03-06
2019-03-06
2019-03-06
2019-03-06
2019-03-06
2019-03-06
2019-03-06
2019-03-06
2019-03-06
2019-03-06
2019-03-06
2019-03-06
2019-03-06
2019-03-06
2019-03-06
2019-03-06
2019-03-06
2019-03-06
2019-03-06
2019-03-06
2019-03-06
2019-03-06
2019-03-06
2019-03-06
2019-03-06
2019-03-06
2019-03-06
2019-03-06
2019-03-06
2019-03-06
2019-03-06
2019-03-06
2019-03-06
2019-03-06
2019-03-06
2019-03-06
2019-03-06
2019-03-06
2019-03-06
2019-03-06
2019-03-06
2019-03-06
2019-03-06
2019-03-06
2019-03-06
2019-03-06
2019-03-06
2019-03-06
2019-03-06
2019-03-06
2019-03-06
2019-03-06
2019-03-06
2019-03-06
2019-03-06
2019-03-06
2019-03-06
2019-03-06
2019-03-06
2019-03-06
2019-03-06
2019-03-06
2019-03-06
2019-03-06
2019-03-06
2019-03-06
2019-03-06
2019-03-06
2019-03-06
2019-03-06
2019-03-06
2019-03-06
2019-03-06
2019-03-06
2019-03-06
2019-03-06
2019-03-06
2019-03-06
2019-03-06
2019-03-06
2019-03-06
2019-03-06
2019-03-06
2019-03-06
2019-03-06
2019-03-06
2019-03-06
2019-03-06
2019-03-06
2019-03-06
2019-03-06
2019-03-06
2019-03-06
2019-03-06
2019-03-06
2019-03-06
2019-03-06
2019-03-06
2019-03-06
2019-03-06
2019-03-06
2019-03-06
2019-03-06
2019-03-06
2019-03-06
2019-03-06
2019-03-06
2019-03-06
2019-03-06
2019-03-06
2019-03-06
2019-03-06
2019-03-06
2019-03-06
2019-03-06
2019-03-06
2019-03-06
2019-03-06
2019-03-06
2019-03-06
2019-03-06
2019-03-06
2019-03-06
2019-03-06
2019-03-06
2019-03-06
2019-03-06
2019-03-06
2019-03-06
2019-03-06
2019-03-06
2019-03-06
2019-03-06
2019-03-06
2019-03-06
2019-03-06
2019-03-06
2019-03-06
2019-03-06
2019-03-06
2019-03-06
2019-03-06
2019-03-06
2019-03-06
2019-03-06
2019-03-06
2019-03-06
2019-03-06
2019-03-06
2019-03-06
2019-03-06
2019-03-06
2019-03-06
2019-03-06
2019-03-06
2019-03-06
2019-03-06
2019-03-06
2019-03-06
2019-03-06
2019-03-06
2019-03-06
2019-03-06
2019-03-06
2019-03-06
2019-03-06
2019-03-06
2019-03-06
2019-03-06
2019-03-06
2019-03-06
2019-03-06
2019-03-06
2019-03-06
2019-03-06
2019-03-06
2019-03-06
2019-03-06
2019-03-06
2019-03-06
2019-03-06
2019-03-06
2019-03-06
2019-03-06
2019-03-06
2019-03-06
2019-03-06
2019-03-06
2019-03-06
2019-03-06
2019-03-06
2019-03-06
2019-03-06
2019-03-06
2019-03-06
2019-03-06
2019-03-06
2019-03-06
2019-03-06
2019-03-06
2019-03-06
2019-03-06
2019-03-06
2019-03-06
2019-03-06
2019-03-06
2019-03-06
2019-03-06
2019-03-06
2019-03-06
2019-03-06
2019-03-06
2019-03-06
2019-03-06
2019-03-06
2019-03-06
2019-03-06
2019-03-06
2019-03-06
2019-03-06
2019-03-06
2019-03-06
2019-03-06
2019-03-06
2019-03-06
2019-03-06
2019-03-06
2019-03-06
2019-03-06
2019-03-06
2019-03-06
2019-03-06
2019-03-06
2019-03-06
2019-03-06
2019-03-06
2019-03-06
2019-03-06
2019-03-06
2019-03-06
2019-03-06
2019-03-06
2019-03-06
2019-03-06
2019-03-06
2019-03-06
2019-03-06
2019-03-06
2019-03-06
2019-03-06
2019-03-06
2019-03-06
2019-03-06
2019-03-06
2019-03-06
2019-03-06
2019-03-06
2019-03-06
2019-03-06
2019-03-06
2019-03-06
2019-03-06
2019-03-06
2019-03-06
2019-03-06
2019-03-06
2019-03-06
2019-03-06
2019-03-06
2019-03-06
2019-03-06
2019-03-06
2019-03-06
2019-03-06
2019-03-06
2019-03-06
2019-03-06
2019-03-06
2019-03-06
2019-03-06
2019-03-06
2019-03-06
2019-03-06
2019-03-06
2019-03-06
2019-03-06
2019-03-06
2019-03-06
2019-03-06
2019-03-06
2019-03-06
2019-03-06
2019-03-06
2019-03-06
2019-03-06
2019-03-21
2019-03-21
2019-03-21
2019-03-21
2019-03-21
2019-03-21
2019-03-21
2019-03-21
2019-03-21
2019-03-21
2019-03-21
2019-03-21
2019-03-21
2019-03-21
2019-03-21
2019-03-21
2019-03-21
2019-03-21
2019-03-21
2019-03-21
2019-03-21
2019-03-21
2019-03-21
2019-03-21
2019-03-21
2019-03-21
2019-03-21
2019-03-21
2019-03-21
2019-03-21
2019-03-21
2019-03-21
2019-03-21
2019-03-21
2019-03-21
2019-03-21
2019-03-21
2019-03-21
2019-03-21
2019-03-21
2019-03-21
2019-03-21
2019-03-21
2019-03-21
2019-03-21
2019-03-21
2019-03-21
2019-03-21
2019-03-21
2019-03-21
2019-03-21
2019-03-21
2019-03-21
2019-03-21
2019-03-21
2019-03-21
2019-03-21
2019-03-21
2019-03-21
2019-03-21
2019-03-21
2019-03-21
2019-03-21
2019-03-21
2019-03-21
2019-03-21
2019-03-21
2019-03-21
2019-03-21
2019-03-21
2019-03-21
2019-03-21
2019-03-21
2019-03-21
2019-03-21
2019-03-21
2019-03-21
2019-03-21
2019-03-21
2019-03-21
2019-03-21
2019-03-21
2019-03-21
2019-03-21
2019-03-21
2019-03-21
2019-03-21
2019-03-21
2019-03-21
2019-03-21
2019-03-21
2019-03-21
2019-03-21
2019-03-21
2019-03-21
2019-03-21
2019-03-21
2019-03-21
2019-03-21
2019-03-21
2019-03-21
2019-03-21
2019-03-21
2019-03-21
2019-03-21
2019-03-21
2019-03-21
2019-03-21
2019-03-21
2019-03-21
2019-03-21
2019-03-21
2019-03-21
2019-03-21
2019-03-21
2019-03-21
2019-03-21
2019-03-21
2019-03-21
2019-03-21
2019-03-21
2019-03-21
2019-03-21
2019-03-21
2019-03-21
2019-03-21
2019-03-21
2019-03-21
2019-03-21
2019-03-21
2019-03-21
2019-03-21
2019-03-21
2019-03-21
2019-03-21
2019-03-21
2019-03-21
2019-03-21
2019-03-21
2019-03-21
2019-03-21
2019-03-21
2019-03-21
2019-03-21
2019-03-21
2019-03-21
2019-03-21
2019-03-21
2019-03-21
2019-03-21
2019-03-21
2019-03-21
2019-03-21
2019-03-21
2019-03-21
2019-03-21
2019-03-21
2019-03-21
2019-03-21
2019-03-21
2019-03-21
2019-03-21
2019-03-21
2019-03-21
2019-03-21
2019-03-21
2019-03-21
2019-03-21
2019-03-21
2019-03-21
2019-03-21
2019-03-21
2019-03-21
2019-03-21
2019-03-21
2019-03-21
2019-03-21
2019-03-21
2019-03-21
2019-03-21
2019-03-21
2019-03-21
2019-03-21
2019-03-21
2019-03-21
2019-03-21
2019-03-21
2019-03-21
2019-03-21
2019-03-21
2019-03-21
2019-03-21
2019-03-21
2019-03-21
2019-03-21
2019-03-21
2019-03-21
2019-03-21
2019-03-21
2019-03-21
2019-03-21
2019-03-21
2019-03-21
2019-03-21
2019-03-21
2019-03-21
2019-03-21
2019-03-21
2019-03-21
2019-03-21
2019-03-21
2019-03-21
2019-03-21
2019-03-21
2019-03-21
2019-03-21
2019-03-21
2019-03-21
2019-03-21
2019-03-21
2019-03-21
2019-03-21
2019-03-21
2019-03-21
2019-03-21
2019-03-21
2019-03-21
2019-03-21
2019-03-21
2019-03-21
2019-03-21
2019-03-21
2019-03-21
2019-03-21
2019-03-21
2019-03-21
2019-03-21
2019-03-21
2019-03-21
2019-03-21
2019-03-21
2019-03-21
2019-03-21
2019-03-21
2019-03-21
2019-03-21
2019-03-21
2019-03-21
2019-03-21
2019-03-21
2019-03-21
2019-03-21
2019-03-21
2019-03-21
2019-03-21
2019-03-21
2019-03-21
2019-03-21
2019-03-21
2019-03-21
2019-03-21
2019-03-21
2019-03-21
2019-03-21
2019-03-21
2019-03-21
2019-03-21
2019-03-21
2019-03-21
2019-03-21
2019-03-21
2019-03-21
2019-03-21
2019-03-21
2019-03-21
2019-03-21
2019-03-21
2019-03-21
2019-03-21
2019-03-21
2019-03-21
2019-03-21
2019-03-21
2019-03-21
2019-03-21
2019-03-21
2019-03-21
2019-03-21
2019-03-21
2019-03-21
2019-03-21
2019-03-21
2019-03-21
2019-03-21
2019-03-21
2019-03-21
2019-03-21
2019-03-21
2019-03-21
2019-03-21
2017-04-10
2017-04-10
2017-04-10
2017-04-10
2017-04-10
2017-04-10
2017-04-10
2017-04-10
2017-04-10
2017-04-10
2017-04-10
2017-04-10
2017-04-10
2017-04-10
2017-04-10
2017-04-10
2017-04-10
2017-04-10
2017-04-10
2017-04-10
2017-04-10
2017-04-10
2017-04-10
2017-04-10
2017-04-10
2017-04-10
2017-04-10
2017-04-10
2017-04-10
2017-04-10
2017-04-10
2017-04-10
2017-04-10
2017-04-10
2017-04-10
2017-04-10
2017-04-10
2017-04-10
2017-04-10
2017-04-10
2017-04-10
2017-04-10
2017-04-10
2017-04-10
2017-04-10
2017-04-10
2017-04-10
2017-04-10
2017-04-10
2017-04-10
2017-04-10
2017-04-10
2017-04-10
2017-04-10
2017-04-10
2017-04-10
2017-04-10
2017-04-10
2017-04-10
2017-04-10
2017-04-10
2017-04-10
2017-04-10
2017-04-10
2017-04-10
2017-04-10
2017-04-10
2017-04-10
2017-04-10
2017-04-10
2017-04-10
2017-04-10
2017-04-10
2017-04-10
2017-04-10
2017-04-10
2017-04-10
2017-04-10
2017-04-10
2017-04-10
2017-04-10
2017-04-10
2017-04-10
2017-04-10
2017-04-10
2017-04-10
2017-04-10
2017-04-10
2017-04-10
2017-04-10
2017-04-10
2017-04-10
2017-04-10
2017-04-10
2017-04-10
2017-04-10
2017-04-10
2017-04-10
2017-04-10
2017-04-10
2017-04-10
2017-04-10
2017-04-10
2017-04-10
2017-04-10
2017-04-10
2017-04-10
2017-04-10
2017-04-10
2017-04-10
2017-04-10
2017-04-10
2017-04-10
2017-04-10
2017-04-10
2017-04-10
2017-04-10
2017-04-10
2017-04-10
2017-04-10
2017-04-10
2017-04-10
2017-04-10
2017-04-10
2017-04-10
2017-04-10
2017-04-10
2017-04-10
2017-04-10
2017-04-10
2017-04-10
2017-04-10
2017-04-10
2017-04-10
2017-04-10
2017-04-10
2017-04-10
2017-04-10
2017-04-10
2017-04-10
2017-04-10
2017-04-10
2017-04-10
2017-04-10
2017-04-10
2017-04-10
2017-04-10
2017-04-10
2017-04-10
2017-04-10
2017-04-10
2017-04-10
2017-04-10
2017-04-10
2017-04-10
2017-04-10
2017-04-10
2017-04-10
2017-04-10
2017-04-10
2017-04-10
2017-04-10
2017-04-10
2017-04-10
2017-04-10
2017-04-10
2017-04-10
2017-04-10
2017-04-10
2017-04-10
2017-04-10
2017-04-10
2017-04-10
2017-04-10
2017-04-10
2017-04-10
2017-04-10
2017-04-10
2017-04-10
2017-04-10
2017-04-10
2017-04-10
2017-04-10
2017-04-10
2017-04-10
2017-04-10
2017-04-10
2017-04-10
2017-04-10
2017-04-10
2017-04-10
2017-04-10
2017-04-10
2017-04-10
2017-04-10
2017-04-10
2017-04-10
2017-04-10
2017-04-10
2017-04-10
2017-04-10
2017-04-10
2017-04-10
2017-04-10
2017-04-10
2017-04-10
2017-04-10
2017-04-10
2017-04-10
2017-04-10
2017-04-10
2017-04-10
2017-04-10
2017-04-10
2017-04-10
2017-04-10
2017-04-10
2017-04-10
2017-04-10
2017-04-10
2017-04-10
2017-04-10
2017-04-10
2017-04-10
2017-04-10
2017-04-10
2017-04-10
2017-04-10
2017-04-10
2017-04-10
2017-04-10
2017-04-10
2017-04-10
2017-04-10
2017-04-10
2017-04-10
2017-04-10
2017-04-10
2017-04-10
2017-04-10
2017-04-10
2017-04-10
2017-04-10
2017-04-10
2017-04-10
2017-04-10
2017-04-10
2017-04-10
2017-04-10
2017-04-10
2017-04-10
2017-04-10
2017-04-10
2017-04-10
2017-04-10
2017-04-10
2017-04-10
2017-04-10
2017-04-10
2017-04-10
2017-04-10
2017-04-10
2017-04-10
2017-04-10
2017-04-10
2017-04-10
2017-04-10
2017-04-10
2017-04-10
2017-04-10
2017-04-10
2017-04-10
2017-04-10
2017-04-10
2017-04-10
2017-04-10
2017-04-10
2017-04-10
2017-04-10
2017-04-10
2017-04-10
2017-04-10
2017-04-10
2017-04-10
2017-04-10
2017-04-10
2017-04-10
2017-04-10
2017-04-10
2017-04-10
2017-04-10
2017-04-10
2017-04-10
2017-04-10
2017-04-10
2017-04-10
2017-04-10
2017-04-10
2017-04-10
2017-04-10
2018-04-09
2018-04-09
2018-04-09
2018-04-09
2018-04-09
2018-04-09
2018-04-09
2018-04-09
2018-04-09
2018-04-09
2018-04-09
2018-04-09
2018-04-09
2018-04-09
2018-04-09
2018-04-09
2018-04-09
2018-04-09
2018-04-09
2018-04-09
2018-04-09
2018-04-09
2018-04-09
2018-04-09
2018-04-09
2018-04-09
2018-04-09
2018-04-09
2018-04-09
2018-04-09
2018-04-09
2018-04-09
2018-04-09
2018-04-09
2018-04-09
2018-04-09
2018-04-09
2018-04-09
2018-04-09
2018-04-09
2018-04-09
2018-04-09
2018-04-09
2018-04-09
2018-04-09
2018-04-09
2018-04-09
2018-04-09
2018-04-09
2018-04-09
2018-04-09
2018-04-09
2018-04-09
2018-04-09
2018-04-09
2018-04-09
2018-04-09
2018-04-09
2018-04-09
2018-04-09
2018-04-09
2018-04-09
2018-04-09
2018-04-09
2018-04-09
2018-04-09
2018-04-09
2018-04-09
2018-04-09
2018-04-09
2018-04-09
2018-04-09
2018-04-09
2018-04-09
2018-04-09
2018-04-09
2018-04-09
2018-04-09
2018-04-09
2018-04-09
2018-04-09
2018-04-09
2018-04-09
2018-04-09
2018-04-09
2018-04-09
2018-04-09
2018-04-09
2018-04-09
2018-04-09
2018-04-09
2018-04-09
2018-04-09
2018-04-09
2018-04-09
2018-04-09
2018-04-09
2018-04-09
2018-04-09
2018-04-09
2018-04-09
2018-04-09
2018-04-09
2018-04-09
2018-04-09
2018-04-09
2018-04-09
2018-04-09
2018-04-09
2018-04-09
2018-04-09
2018-04-09
2018-04-09
2018-04-09
2018-04-09
2018-04-09
2018-04-09
2018-04-09
2018-04-09
2018-04-09
2018-04-09
2018-04-09
2018-04-09
2018-04-09
2018-04-09
2018-04-09
2018-04-09
2018-04-09
2018-04-09
2018-04-09
2018-04-09
2018-04-09
2018-04-09
2018-04-09
2018-04-09
2018-04-09
2018-04-09
2018-04-09
2018-04-09
2018-04-09
2018-04-09
2018-04-09
2018-04-09
2018-04-09
2018-04-09
2018-04-09
2018-04-09
2018-04-09
2018-04-09
2018-04-09
2018-04-09
2018-04-09
2018-04-09
2018-04-09
2018-04-09
2018-04-09
2018-04-09
2018-04-09
2018-04-09
2018-04-09
2018-04-09
2018-04-09
2018-04-09
2018-04-09
2018-04-09
2018-04-09
2018-04-09
2018-04-09
2018-04-09
2018-04-09
2018-04-09
2018-04-09
2018-04-09
2018-04-09
2018-04-09
2018-04-09
2018-04-09
2018-04-09
2018-04-09
2018-04-09
2018-04-09
2018-04-09
2018-04-09
2018-04-09
2018-04-09
2018-04-09
2018-04-09
2018-04-09
2018-04-09
2018-04-09
2018-04-09
2018-04-09
2018-04-09
2018-04-09
2018-04-09
2018-04-09
2018-04-09
2018-04-09
2018-04-09
2018-04-09
2018-04-09
2018-04-09
2018-04-09
2018-04-09
2018-04-09
2018-04-09
2018-04-09
2018-04-09
2018-04-09
2018-04-09
2018-04-09
2018-04-09
2018-04-09
2018-04-09
2018-04-09
2018-04-09
2018-04-09
2018-04-09
2018-04-09
2018-04-09
2018-04-09
2018-04-09
2018-04-09
2018-04-09
2018-04-09
2018-04-09
2018-04-09
2018-04-09
2018-04-09
2018-04-09
2018-04-09
2018-04-09
2018-04-09
2018-04-09
2018-04-09
2018-04-09
2018-04-09
2018-04-09
2018-04-09
2018-04-09
2018-04-09
2018-04-09
2018-04-09
2018-04-09
2018-04-09
2018-04-09
2018-04-09
2018-04-09
2018-04-09
2018-04-09
2018-04-09
2018-04-09
2018-04-09
2018-04-09
2018-04-09
2018-04-09
2018-04-09
2018-04-09
2018-04-09
2018-04-09
2018-04-09
2018-04-09
2018-04-09
2018-04-09
2018-04-09
2018-04-09
2018-04-09
2018-04-09
2018-04-09
2018-04-09
2018-04-09
2018-04-09
2018-04-09
2018-04-09
2018-04-09
2018-04-09
2018-04-09
2018-04-09
2018-04-09
2018-04-09
2018-04-09
2018-04-09
2018-04-09
2018-04-09
2018-04-09
2018-04-09
2018-04-09
2018-04-09
2018-04-09
2018-04-09
2018-04-09
2018-04-09
2018-04-09
2018-04-09
2018-04-09
2018-04-09
2018-04-09
2018-04-09
2018-04-09
2018-04-09
2018-04-23
2018-04-23
2018-04-23
2018-04-23
2018-04-23
2018-04-23
2018-04-23
2018-04-23
2018-04-23
2018-04-23
2018-04-23
2018-04-23
2018-04-23
2018-04-23
2018-04-23
2018-04-23
2018-04-23
2018-04-23
2018-04-23
2018-04-23
2018-04-23
2018-04-23
2018-04-23
2018-04-23
2018-04-23
2018-04-23
2018-04-23
2018-04-23
2018-04-23
2018-04-23
2018-04-23
2018-04-23
2018-04-23
2018-04-23
2018-04-23
2018-04-23
2018-04-23
2018-04-23
2018-04-23
2018-04-23
2018-04-23
2018-04-23
2018-04-23
2018-04-23
2018-04-23
2018-04-23
2018-04-23
2018-04-23
2018-04-23
2018-04-23
2018-04-23
2018-04-23
2018-04-23
2018-04-23
2018-04-23
2018-04-23
2018-04-23
2018-04-23
2018-04-23
2018-04-23
2018-04-23
2018-04-23
2018-04-23
2018-04-23
2018-04-23
2018-04-23
2018-04-23
2018-04-23
2018-04-23
2018-04-23
2018-04-23
2018-04-23
2018-04-23
2018-04-23
2018-04-23
2018-04-23
2018-04-23
2018-04-23
2018-04-23
2018-04-23
2018-04-23
2018-04-23
2018-04-23
2018-04-23
2018-04-23
2018-04-23
2018-04-23
2018-04-23
2018-04-23
2018-04-23
2018-04-23
2018-04-23
2018-04-23
2018-04-23
2018-04-23
2018-04-23
2018-04-23
2018-04-23
2018-04-23
2018-04-23
2018-04-23
2018-04-23
2018-04-23
2018-04-23
2018-04-23
2018-04-23
2018-04-23
2018-04-23
2018-04-23
2018-04-23
2018-04-23
2018-04-23
2018-04-23
2018-04-23
2018-04-23
2018-04-23
2018-04-23
2018-04-23
2018-04-23
2018-04-23
2018-04-23
2018-04-23
2018-04-23
2018-04-23
2018-04-23
2018-04-23
2018-04-23
2018-04-23
2018-04-23
2018-04-23
2018-04-23
2018-04-23
2018-04-23
2018-04-23
2018-04-23
2018-04-23
2018-04-23
2018-04-23
2018-04-23
2018-04-23
2018-04-23
2018-04-23
2018-04-23
2018-04-23
2018-04-23
2018-04-23
2018-04-23
2018-04-23
2018-04-23
2018-04-23
2018-04-23
2018-04-23
2018-04-23
2018-04-23
2018-04-23
2018-04-23
2018-04-23
2018-04-23
2018-04-23
2018-04-23
2018-04-23
2018-04-23
2018-04-23
2018-04-23
2018-04-23
2018-04-23
2018-04-23
2018-04-23
2018-04-23
2018-04-23
2018-04-23
2018-04-23
2018-04-23
2018-04-23
2018-04-23
2018-04-23
2018-04-23
2018-04-23
2018-04-23
2018-04-23
2018-04-23
2018-04-23
2018-04-23
2018-04-23
2018-04-23
2018-04-23
2018-04-23
2018-04-23
2018-04-23
2018-04-23
2018-04-23
2018-04-23
2018-04-23
2018-04-23
2018-04-23
2018-04-23
2018-04-23
2018-04-23
2018-04-23
2018-04-23
2018-04-23
2018-04-23
2018-04-23
2018-04-23
2018-04-23
2018-04-23
2018-04-23
2018-04-23
2018-04-23
2018-04-23
2018-04-23
2018-04-23
2018-04-23
2018-04-23
2018-04-23
2018-04-23
2018-04-23
2018-04-23
2018-04-23
2018-04-23
2018-04-23
2018-04-23
2018-04-23
2018-04-23
2018-04-23
2018-04-23
2018-04-23
2018-04-23
2018-04-23
2018-04-23
2018-04-23
2018-04-23
2018-04-23
2018-04-23
2018-04-23
2018-04-23
2018-04-23
2018-04-23
2018-04-23
2018-04-23
2018-04-23
2018-04-23
2018-04-23
2018-04-23
2018-04-23
2018-04-23
2018-04-23
2018-04-23
2018-04-23
2018-04-23
2018-04-23
2018-04-23
2018-04-23
2018-04-23
2018-04-23
2018-04-23
2018-04-23
2018-04-23
2018-04-23
2018-04-23
2018-04-23
2018-04-23
2018-04-23
2018-04-23
2018-04-23
2018-04-23
2018-04-23
2018-04-23
2018-04-23
2018-04-23
2018-04-23
2018-04-23
2018-04-23
2018-04-23
2018-04-23
2018-04-23
2018-04-23
2018-04-23
2018-04-23
2018-04-23
2018-04-23
2018-04-23
2018-04-23
2018-04-23
2018-04-23
2018-04-23
2018-04-23
2018-04-23
2018-04-23
2018-04-23
2018-04-23
2018-04-23
2018-04-23
2018-04-23
2018-04-23
2018-04-23
2018-04-23
2018-04-23
2018-04-23
2018-04-23
2019-04-01
2019-04-01
2019-04-01
2019-04-01
2019-04-01
2019-04-01
2019-04-01
2019-04-01
2019-04-01
2019-04-01
2019-04-01
2019-04-01
2019-04-01
2019-04-01
2019-04-01
2019-04-01
2019-04-01
2019-04-01
2019-04-01
2019-04-01
2019-04-01
2019-04-01
2019-04-01
2019-04-01
2019-04-01
2019-04-01
2019-04-01
2019-04-01
2019-04-01
2019-04-01
2019-04-01
2019-04-01
2019-04-01
2019-04-01
2019-04-01
2019-04-01
2019-04-01
2019-04-01
2019-04-01
2019-04-01
2019-04-01
2019-04-01
2019-04-01
2019-04-01
2019-04-01
2019-04-01
2019-04-01
2019-04-01
2019-04-01
2019-04-01
2019-04-01
2019-04-01
2019-04-01
2019-04-01
2019-04-01
2019-04-01
2019-04-01
2019-04-01
2019-04-01
2019-04-01
2019-04-01
2019-04-01
2019-04-01
2019-04-01
2019-04-01
2019-04-01
2019-04-01
2019-04-01
2019-04-01
2019-04-01
2019-04-01
2019-04-01
2019-04-01
2019-04-01
2019-04-01
2019-04-01
2019-04-01
2019-04-01
2019-04-01
2019-04-01
2019-04-01
2019-04-01
2019-04-01
2019-04-01
2019-04-01
2019-04-01
2019-04-01
2019-04-01
2019-04-01
2019-04-01
2019-04-01
2019-04-01
2019-04-01
2019-04-01
2019-04-01
2019-04-01
2019-04-01
2019-04-01
2019-04-01
2019-04-01
2019-04-01
2019-04-01
2019-04-01
2019-04-01
2019-04-01
2019-04-01
2019-04-01
2019-04-01
2019-04-01
2019-04-01
2019-04-01
2019-04-01
2019-04-01
2019-04-01
2019-04-01
2019-04-01
2019-04-01
2019-04-01
2019-04-01
2019-04-01
2019-04-01
2019-04-01
2019-04-01
2019-04-01
2019-04-01
2019-04-01
2019-04-01
2019-04-01
2019-04-01
2019-04-01
2019-04-01
2019-04-01
2019-04-01
2019-04-01
2019-04-01
2019-04-01
2019-04-01
2019-04-01
2019-04-01
2019-04-01
2019-04-01
2019-04-01
2019-04-01
2019-04-01
2019-04-01
2019-04-01
2019-04-01
2019-04-01
2019-04-01
2019-04-01
2019-04-01
2019-04-01
2019-04-01
2019-04-01
2019-04-01
2019-04-01
2019-04-01
2019-04-01
2019-04-01
2019-04-01
2019-04-01
2019-04-01
2019-04-01
2019-04-01
2019-04-01
2019-04-01
2019-04-01
2019-04-01
2019-04-01
2019-04-01
2019-04-01
2019-04-01
2019-04-01
2019-04-01
2019-04-01
2019-04-01
2019-04-01
2019-04-01
2019-04-01
2019-04-01
2019-04-01
2019-04-01
2019-04-01
2019-04-01
2019-04-01
2019-04-01
2019-04-01
2019-04-01
2019-04-01
2019-04-01
2019-04-01
2019-04-01
2019-04-01
2019-04-01
2019-04-01
2019-04-01
2019-04-01
2019-04-01
2019-04-01
2019-04-01
2019-04-01
2019-04-01
2019-04-01
2019-04-01
2019-04-01
2019-04-01
2019-04-01
2019-04-01
2019-04-01
2019-04-01
2019-04-01
2019-04-01
2019-04-01
2019-04-01
2019-04-01
2019-04-01
2019-04-01
2019-04-01
2019-04-01
2019-04-01
2019-04-01
2019-04-01
2019-04-01
2019-04-01
2019-04-01
2019-04-01
2019-04-01
2019-04-01
2019-04-01
2019-04-01
2019-04-01
2019-04-01
2019-04-01
2019-04-01
2019-04-01
2019-04-01
2019-04-01
2019-04-01
2019-04-01
2019-04-01
2019-04-01
2019-04-01
2019-04-01
2019-04-01
2019-04-01
2019-04-01
2019-04-01
2019-04-01
2019-04-01
2019-04-01
2019-04-01
2019-04-01
2019-04-01
2019-04-01
2019-04-01
2019-04-01
2019-04-01
2019-04-01
2019-04-01
2019-04-01
2019-04-01
2019-04-01
2019-04-01
2019-04-01
2019-04-01
2019-04-01
2019-04-01
2019-04-01
2019-04-01
2019-04-01
2019-04-01
2019-04-01
2019-04-01
2019-04-01
2019-04-01
2019-04-01
2019-04-01
2019-04-01
2019-04-01
2019-04-01
2019-04-01
2019-04-01
2019-04-01
2019-04-01
2019-04-01
2019-04-01
2019-04-01
2019-04-01
2019-04-01
2019-04-01
2019-04-01
2019-04-01
2019-04-01
2019-04-01
2019-04-01
2019-04-01
2019-04-01
2019-04-01
2019-04-01
2019-04-01
2019-04-23
2019-04-23
2019-04-23
2019-04-23
2019-04-23
2019-04-23
2019-04-23
2019-04-23
2019-04-23
2019-04-23
2019-04-23
2019-04-23
2019-04-23
2019-04-23
2019-04-23
2019-04-23
2019-04-23
2019-04-23
2019-04-23
2019-04-23
2019-04-23
2019-04-23
2019-04-23
2019-04-23
2019-04-23
2019-04-23
2019-04-23
2019-04-23
2019-04-23
2019-04-23
2019-04-23
2019-04-23
2019-04-23
2019-04-23
2019-04-23
2019-04-23
2019-04-23
2019-04-23
2019-04-23
2019-04-23
2019-04-23
2019-04-23
2019-04-23
2019-04-23
2019-04-23
2019-04-23
2019-04-23
2019-04-23
2019-04-23
2019-04-23
2019-04-23
2019-04-23
2019-04-23
2019-04-23
2019-04-23
2019-04-23
2019-04-23
2019-04-23
2019-04-23
2019-04-23
2019-04-23
2019-04-23
2019-04-23
2019-04-23
2019-04-23
2019-04-23
2019-04-23
2019-04-23
2019-04-23
2019-04-23
2019-04-23
2019-04-23
2019-04-23
2019-04-23
2019-04-23
2019-04-23
2019-04-23
2019-04-23
2019-04-23
2019-04-23
2019-04-23
2019-04-23
2019-04-23
2019-04-23
2019-04-23
2019-04-23
2019-04-23
2019-04-23
2019-04-23
2019-04-23
2019-04-23
2019-04-23
2019-04-23
2019-04-23
2019-04-23
2019-04-23
2019-04-23
2019-04-23
2019-04-23
2019-04-23
2019-04-23
2019-04-23
2019-04-23
2019-04-23
2019-04-23
2019-04-23
2019-04-23
2019-04-23
2019-04-23
2019-04-23
2019-04-23
2019-04-23
2019-04-23
2019-04-23
2019-04-23
2019-04-23
2019-04-23
2019-04-23
2019-04-23
2019-04-23
2019-04-23
2019-04-23
2019-04-23
2019-04-23
2019-04-23
2019-04-23
2019-04-23
2019-04-23
2019-04-23
2019-04-23
2019-04-23
2019-04-23
2019-04-23
2019-04-23
2019-04-23
2019-04-23
2019-04-23
2019-04-23
2019-04-23
2019-04-23
2019-04-23
2019-04-23
2019-04-23
2019-04-23
2019-04-23
2019-04-23
2019-04-23
2019-04-23
2019-04-23
2019-04-23
2019-04-23
2019-04-23
2019-04-23
2019-04-23
2019-04-23
2019-04-23
2019-04-23
2019-04-23
2019-04-23
2019-04-23
2019-04-23
2019-04-23
2019-04-23
2019-04-23
2019-04-23
2019-04-23
2019-04-23
2019-04-23
2019-04-23
2019-04-23
2019-04-23
2019-04-23
2019-04-23
2019-04-23
2019-04-23
2019-04-23
2019-04-23
2019-04-23
2019-04-23
2019-04-23
2019-04-23
2019-04-23
2019-04-23
2019-04-23
2019-04-23
2019-04-23
2019-04-23
2019-04-23
2019-04-23
2019-04-23
2019-04-23
2019-04-23
2019-04-23
2019-04-23
2019-04-23
2019-04-23
2019-04-23
2019-04-23
2019-04-23
2019-04-23
2019-04-23
2019-04-23
2019-04-23
2019-04-23
2019-04-23
2019-04-23
2019-04-23
2019-04-23
2019-04-23
2019-04-23
2019-04-23
2019-04-23
2019-04-23
2019-04-23
2019-04-23
2019-04-23
2019-04-23
2019-04-23
2019-04-23
2019-04-23
2019-04-23
2019-04-23
2019-04-23
2019-04-23
2019-04-23
2019-04-23
2019-04-23
2019-04-23
2019-04-23
2019-04-23
2019-04-23
2019-04-23
2019-04-23
2019-04-23
2019-04-23
2019-04-23
2019-04-23
2019-04-23
2019-04-23
2019-04-23
2019-04-23
2019-04-23
2019-04-23
2019-04-23
2019-04-23
2019-04-23
2019-04-23
2019-04-23
2019-04-23
2019-04-23
2019-04-23
2019-04-23
2019-04-23
2019-04-23
2019-04-23
2019-04-23
2019-04-23
2019-04-23
2019-04-23
2019-04-23
2019-04-23
2019-04-23
2019-04-23
2019-04-23
2019-04-23
2019-04-23
2019-04-23
2019-04-23
2019-04-23
2019-04-23
2019-04-23
2019-04-23
2019-04-23
2019-04-23
2019-04-23
2019-04-23
2019-04-23
2019-04-23
2019-04-23
2019-04-23
2019-04-23
2019-04-23
2019-04-23
2019-04-23
2019-04-23
2019-04-23
2019-04-23
2019-04-23
2019-04-23
2019-04-23
2019-04-23
2019-04-23
2019-04-23
2019-04-23
2019-04-23
2019-04-23
2019-04-23
2019-04-23
2019-04-23
2019-04-23
2017-05-02
2017-05-02
2017-05-02
2017-05-02
2017-05-02
2017-05-02
2017-05-02
2017-05-02
2017-05-02
2017-05-02
2017-05-02
2017-05-02
2017-05-02
2017-05-02
2017-05-02
2017-05-02
2017-05-02
2017-05-02
2017-05-02
2017-05-02
2017-05-02
2017-05-02
2017-05-02
2017-05-02
2017-05-02
2017-05-02
2017-05-02
2017-05-02
2017-05-02
2017-05-02
2017-05-02
2017-05-02
2017-05-02
2017-05-02
2017-05-02
2017-05-02
2017-05-02
2017-05-02
2017-05-02
2017-05-02
2017-05-02
2017-05-02
2017-05-02
2017-05-02
2017-05-02
2017-05-02
2017-05-02
2017-05-02
2017-05-02
2017-05-02
2017-05-02
2017-05-02
2017-05-02
2017-05-02
2017-05-02
2017-05-02
2017-05-02
2017-05-02
2017-05-02
2017-05-02
2017-05-02
2017-05-02
2017-05-02
2017-05-02
2017-05-02
2017-05-02
2017-05-02
2017-05-02
2017-05-02
2017-05-02
2017-05-02
2017-05-02
2017-05-02
2017-05-02
2017-05-02
2017-05-02
2017-05-02
2017-05-02
2017-05-02
2017-05-02
2017-05-02
2017-05-02
2017-05-02
2017-05-02
2017-05-02
2017-05-02
2017-05-02
2017-05-02
2017-05-02
2017-05-02
2017-05-02
2017-05-02
2017-05-02
2017-05-02
2017-05-02
2017-05-02
2017-05-02
2017-05-02
2017-05-02
2017-05-02
2017-05-02
2017-05-02
2017-05-02
2017-05-02
2017-05-02
2017-05-02
2017-05-02
2017-05-02
2017-05-02
2017-05-02
2017-05-02
2017-05-02
2017-05-02
2017-05-02
2017-05-02
2017-05-02
2017-05-02
2017-05-02
2017-05-02
2017-05-02
2017-05-02
2017-05-02
2017-05-02
2017-05-02
2017-05-02
2017-05-02
2017-05-02
2017-05-02
2017-05-02
2017-05-02
2017-05-02
2017-05-02
2017-05-02
2017-05-02
2017-05-02
2017-05-02
2017-05-02
2017-05-02
2017-05-02
2017-05-02
2017-05-02
2017-05-02
2017-05-02
2017-05-02
2017-05-02
2017-05-02
2017-05-02
2017-05-02
2017-05-02
2017-05-02
2017-05-02
2017-05-02
2017-05-02
2017-05-02
2017-05-02
2017-05-02
2017-05-02
2017-05-02
2017-05-02
2017-05-02
2017-05-02
2017-05-02
2017-05-02
2017-05-02
2017-05-02
2017-05-02
2017-05-02
2017-05-02
2017-05-02
2017-05-02
2017-05-02
2017-05-02
2017-05-02
2017-05-02
2017-05-02
2017-05-02
2017-05-02
2017-05-02
2017-05-02
2017-05-02
2017-05-02
2017-05-02
2017-05-02
2017-05-02
2017-05-02
2017-05-02
2017-05-02
2017-05-02
2017-05-02
2017-05-02
2017-05-02
2017-05-02
2017-05-02
2017-05-02
2017-05-02
2017-05-02
2017-05-02
2017-05-02
2017-05-02
2017-05-02
2017-05-02
2017-05-02
2017-05-02
2017-05-02
2017-05-02
2017-05-02
2017-05-02
2017-05-02
2017-05-02
2017-05-02
2017-05-02
2017-05-02
2017-05-02
2017-05-02
2017-05-02
2017-05-02
2017-05-02
2017-05-02
2017-05-02
2017-05-02
2017-05-02
2017-05-02
2017-05-02
2017-05-02
2017-05-02
2017-05-02
2017-05-02
2017-05-02
2017-05-02
2017-05-02
2017-05-02
2017-05-02
2017-05-02
2017-05-02
2017-05-02
2017-05-02
2017-05-02
2017-05-02
2017-05-02
2017-05-02
2017-05-02
2017-05-02
2017-05-02
2017-05-02
2017-05-02
2017-05-02
2017-05-02
2017-05-02
2017-05-02
2017-05-02
2017-05-02
2017-05-02
2017-05-02
2017-05-02
2017-05-02
2017-05-02
2017-05-02
2017-05-02
2017-05-02
2017-05-02
2017-05-02
2017-05-02
2017-05-02
2017-05-02
2017-05-02
2017-05-02
2017-05-02
2017-05-02
2017-05-02
2017-05-02
2017-05-02
2017-05-02
2017-05-02
2017-05-02
2017-05-02
2017-05-02
2017-05-02
2017-05-02
2017-05-02
2017-05-02
2017-05-02
2017-05-02
2017-05-02
2017-05-02
2017-05-02
2017-05-02
2017-05-02
2017-05-02
2017-05-02
2017-05-02
2017-05-02
2017-05-02
2017-05-02
2017-05-02
2017-05-02
2017-05-02
2017-05-02
2017-05-02
2017-05-02
2017-05-02
2017-05-15
2017-05-15
2017-05-15
2017-05-15
2017-05-15
2017-05-15
2017-05-15
2017-05-15
2017-05-15
2017-05-15
2017-05-15
2017-05-15
2017-05-15
2017-05-15
2017-05-15
2017-05-15
2017-05-15
2017-05-15
2017-05-15
2017-05-15
2017-05-15
2017-05-15
2017-05-15
2017-05-15
2017-05-15
2017-05-15
2017-05-15
2017-05-15
2017-05-15
2017-05-15
2017-05-15
2017-05-15
2017-05-15
2017-05-15
2017-05-15
2017-05-15
2017-05-15
2017-05-15
2017-05-15
2017-05-15
2017-05-15
2017-05-15
2017-05-15
2017-05-15
2017-05-15
2017-05-15
2017-05-15
2017-05-15
2017-05-15
2017-05-15
2017-05-15
2017-05-15
2017-05-15
2017-05-15
2017-05-15
2017-05-15
2017-05-15
2017-05-15
2017-05-15
2017-05-15
2017-05-15
2017-05-15
2017-05-15
2017-05-15
2017-05-15
2017-05-15
2017-05-15
2017-05-15
2017-05-15
2017-05-15
2017-05-15
2017-05-15
2017-05-15
2017-05-15
2017-05-15
2017-05-15
2017-05-15
2017-05-15
2017-05-15
2017-05-15
2017-05-15
2017-05-15
2017-05-15
2017-05-15
2017-05-15
2017-05-15
2017-05-15
2017-05-15
2017-05-15
2017-05-15
2017-05-15
2017-05-15
2017-05-15
2017-05-15
2017-05-15
2017-05-15
2017-05-15
2017-05-15
2017-05-15
2017-05-15
2017-05-15
2017-05-15
2017-05-15
2017-05-15
2017-05-15
2017-05-15
2017-05-15
2017-05-15
2017-05-15
2017-05-15
2017-05-15
2017-05-15
2017-05-15
2017-05-15
2017-05-15
2017-05-15
2017-05-15
2017-05-15
2017-05-15
2017-05-15
2017-05-15
2017-05-15
2017-05-15
2017-05-15
2017-05-15
2017-05-15
2017-05-15
2017-05-15
2017-05-15
2017-05-15
2017-05-15
2017-05-15
2017-05-15
2017-05-15
2017-05-15
2017-05-15
2017-05-15
2017-05-15
2017-05-15
2017-05-15
2017-05-15
2017-05-15
2017-05-15
2017-05-15
2017-05-15
2017-05-15
2017-05-15
2017-05-15
2017-05-15
2017-05-15
2017-05-15
2017-05-15
2017-05-15
2017-05-15
2017-05-15
2017-05-15
2017-05-15
2017-05-15
2017-05-15
2017-05-15
2017-05-15
2017-05-15
2017-05-15
2017-05-15
2017-05-15
2017-05-15
2017-05-15
2017-05-15
2017-05-15
2017-05-15
2017-05-15
2017-05-15
2017-05-15
2017-05-15
2017-05-15
2017-05-15
2017-05-15
2017-05-15
2017-05-15
2017-05-15
2017-05-15
2017-05-15
2017-05-15
2017-05-15
2017-05-15
2017-05-15
2017-05-15
2017-05-15
2017-05-15
2017-05-15
2017-05-15
2017-05-15
2017-05-15
2017-05-15
2017-05-15
2017-05-15
2017-05-15
2017-05-15
2017-05-15
2017-05-15
2017-05-15
2017-05-15
2017-05-15
2017-05-15
2017-05-15
2017-05-15
2017-05-15
2017-05-15
2017-05-15
2017-05-15
2017-05-15
2017-05-15
2017-05-15
2017-05-15
2017-05-15
2017-05-15
2017-05-15
2017-05-15
2017-05-15
2017-05-15
2017-05-15
2017-05-15
2017-05-15
2017-05-15
2017-05-15
2017-05-15
2017-05-15
2017-05-15
2017-05-15
2017-05-15
2017-05-15
2017-05-15
2017-05-15
2017-05-15
2017-05-15
2017-05-15
2017-05-15
2017-05-15
2017-05-15
2017-05-15
2017-05-15
2017-05-15
2017-05-15
2017-05-15
2017-05-15
2017-05-15
2017-05-15
2017-05-15
2017-05-15
2017-05-15
2017-05-15
2017-05-15
2017-05-15
2017-05-15
2017-05-15
2017-05-15
2017-05-15
2017-05-15
2017-05-15
2017-05-15
2017-05-15
2017-05-15
2017-05-15
2017-05-15
2017-05-15
2017-05-15
2017-05-15
2017-05-15
2017-05-15
2017-05-15
2017-05-15
2017-05-15
2017-05-15
2017-05-15
2017-05-15
2017-05-15
2017-05-15
2017-05-15
2017-05-15
2017-05-15
2017-05-15
2017-05-15
2017-05-15
2017-05-15
2017-05-15
2017-05-15
2017-05-15
2017-05-15
2017-05-15
2017-05-15
2017-05-15
2017-05-15
2017-05-15
2017-05-15
2017-05-15
2017-05-15
2017-05-15
2017-05-15
2017-05-15
2017-05-15
2018-05-15
2018-05-15
2018-05-15
2018-05-15
2018-05-15
2018-05-15
2018-05-15
2018-05-15
2018-05-15
2018-05-15
2018-05-15
2018-05-15
2018-05-15
2018-05-15
2018-05-15
2018-05-15
2018-05-15
2018-05-15
2018-05-15
2018-05-15
2018-05-15
2018-05-15
2018-05-15
2018-05-15
2018-05-15
2018-05-15
2018-05-15
2018-05-15
2018-05-15
2018-05-15
2018-05-15
2018-05-15
2018-05-15
2018-05-15
2018-05-15
2018-05-15
2018-05-15
2018-05-15
2018-05-15
2018-05-15
2018-05-15
2018-05-15
2018-05-15
2018-05-15
2018-05-15
2018-05-15
2018-05-15
2018-05-15
2018-05-15
2018-05-15
2018-05-15
2018-05-15
2018-05-15
2018-05-15
2018-05-15
2018-05-15
2018-05-15
2018-05-15
2018-05-15
2018-05-15
2018-05-15
2018-05-15
2018-05-15
2018-05-15
2018-05-15
2018-05-15
2018-05-15
2018-05-15
2018-05-15
2018-05-15
2018-05-15
2018-05-15
2018-05-15
2018-05-15
2018-05-15
2018-05-15
2018-05-15
2018-05-15
2018-05-15
2018-05-15
2018-05-15
2018-05-15
2018-05-15
2018-05-15
2018-05-15
2018-05-15
2018-05-15
2018-05-15
2018-05-15
2018-05-15
2018-05-15
2018-05-15
2018-05-15
2018-05-15
2018-05-15
2018-05-15
2018-05-15
2018-05-15
2018-05-15
2018-05-15
2018-05-15
2018-05-15
2018-05-15
2018-05-15
2018-05-15
2018-05-15
2018-05-15
2018-05-15
2018-05-15
2018-05-15
2018-05-15
2018-05-15
2018-05-15
2018-05-15
2018-05-15
2018-05-15
2018-05-15
2018-05-15
2018-05-15
2018-05-15
2018-05-15
2018-05-15
2018-05-15
2018-05-15
2018-05-15
2018-05-15
2018-05-15
2018-05-15
2018-05-15
2018-05-15
2018-05-15
2018-05-15
2018-05-15
2018-05-15
2018-05-15
2018-05-15
2018-05-15
2018-05-15
2018-05-15
2018-05-15
2018-05-15
2018-05-15
2018-05-15
2018-05-15
2018-05-15
2018-05-15
2018-05-15
2018-05-15
2018-05-15
2018-05-15
2018-05-15
2018-05-15
2018-05-15
2018-05-15
2018-05-15
2018-05-15
2018-05-15
2018-05-15
2018-05-15
2018-05-15
2018-05-15
2018-05-15
2018-05-15
2018-05-15
2018-05-15
2018-05-15
2018-05-15
2018-05-15
2018-05-15
2018-05-15
2018-05-15
2018-05-15
2018-05-15
2018-05-15
2018-05-15
2018-05-15
2018-05-15
2018-05-15
2018-05-15
2018-05-15
2018-05-15
2018-05-15
2018-05-15
2018-05-15
2018-05-15
2018-05-15
2018-05-15
2018-05-15
2018-05-15
2018-05-15
2018-05-15
2018-05-15
2018-05-15
2018-05-15
2018-05-15
2018-05-15
2018-05-15
2018-05-15
2018-05-15
2018-05-15
2018-05-15
2018-05-15
2018-05-15
2018-05-15
2018-05-15
2018-05-15
2018-05-15
2018-05-15
2018-05-15
2018-05-15
2018-05-15
2018-05-15
2018-05-15
2018-05-15
2018-05-15
2018-05-15
2018-05-15
2018-05-15
2018-05-15
2018-05-15
2018-05-15
2018-05-15
2018-05-15
2018-05-15
2018-05-15
2018-05-15
2018-05-15
2018-05-15
2018-05-15
2018-05-15
2018-05-15
2018-05-15
2018-05-15
2018-05-15
2018-05-15
2018-05-15
2018-05-15
2018-05-15
2018-05-15
2018-05-15
2018-05-15
2018-05-15
2018-05-15
2018-05-15
2018-05-15
2018-05-15
2018-05-15
2018-05-15
2018-05-15
2018-05-15
2018-05-15
2018-05-15
2018-05-15
2018-05-15
2018-05-15
2018-05-15
2018-05-15
2018-05-15
2018-05-15
2018-05-15
2018-05-15
2018-05-15
2018-05-15
2018-05-15
2018-05-15
2018-05-15
2018-05-15
2018-05-15
2018-05-15
2018-05-15
2018-05-15
2018-05-15
2018-05-15
2018-05-15
2018-05-15
2018-05-15
2018-05-15
2018-05-15
2018-05-15
2018-05-15
2018-05-15
2018-05-15
2018-05-15
2018-05-15
2018-05-15
2018-05-15
2018-05-15
2018-05-15
2018-05-15
2018-05-15
2018-05-15
2018-05-15
2018-05-15
2018-05-15
2018-05-15
2018-05-15
2018-05-15
2018-05-15
2018-05-15
2018-05-15
2018-05-28
2018-05-28
2018-05-28
2018-05-28
2018-05-28
2018-05-28
2018-05-28
2018-05-28
2018-05-28
2018-05-28
2018-05-28
2018-05-28
2018-05-28
2018-05-28
2018-05-28
2018-05-28
2018-05-28
2018-05-28
2018-05-28
2018-05-28
2018-05-28
2018-05-28
2018-05-28
2018-05-28
2018-05-28
2018-05-28
2018-05-28
2018-05-28
2018-05-28
2018-05-28
2018-05-28
2018-05-28
2018-05-28
2018-05-28
2018-05-28
2018-05-28
2018-05-28
2018-05-28
2018-05-28
2018-05-28
2018-05-28
2018-05-28
2018-05-28
2018-05-28
2018-05-28
2018-05-28
2018-05-28
2018-05-28
2018-05-28
2018-05-28
2018-05-28
2018-05-28
2018-05-28
2018-05-28
2018-05-28
2018-05-28
2018-05-28
2018-05-28
2018-05-28
2018-05-28
2018-05-28
2018-05-28
2018-05-28
2018-05-28
2018-05-28
2018-05-28
2018-05-28
2018-05-28
2018-05-28
2018-05-28
2018-05-28
2018-05-28
2018-05-28
2018-05-28
2018-05-28
2018-05-28
2018-05-28
2018-05-28
2018-05-28
2018-05-28
2018-05-28
2018-05-28
2018-05-28
2018-05-28
2018-05-28
2018-05-28
2018-05-28
2018-05-28
2018-05-28
2018-05-28
2018-05-28
2018-05-28
2018-05-28
2018-05-28
2018-05-28
2018-05-28
2018-05-28
2018-05-28
2018-05-28
2018-05-28
2018-05-28
2018-05-28
2018-05-28
2018-05-28
2018-05-28
2018-05-28
2018-05-28
2018-05-28
2018-05-28
2018-05-28
2018-05-28
2018-05-28
2018-05-28
2018-05-28
2018-05-28
2018-05-28
2018-05-28
2018-05-28
2018-05-28
2018-05-28
2018-05-28
2018-05-28
2018-05-28
2018-05-28
2018-05-28
2018-05-28
2018-05-28
2018-05-28
2018-05-28
2018-05-28
2018-05-28
2018-05-28
2018-05-28
2018-05-28
2018-05-28
2018-05-28
2018-05-28
2018-05-28
2018-05-28
2018-05-28
2018-05-28
2018-05-28
2018-05-28
2018-05-28
2018-05-28
2018-05-28
2018-05-28
2018-05-28
2018-05-28
2018-05-28
2018-05-28
2018-05-28
2018-05-28
2018-05-28
2018-05-28
2018-05-28
2018-05-28
2018-05-28
2018-05-28
2018-05-28
2018-05-28
2018-05-28
2018-05-28
2018-05-28
2018-05-28
2018-05-28
2018-05-28
2018-05-28
2018-05-28
2018-05-28
2018-05-28
2018-05-28
2018-05-28
2018-05-28
2018-05-28
2018-05-28
2018-05-28
2018-05-28
2018-05-28
2018-05-28
2018-05-28
2018-05-28
2018-05-28
2018-05-28
2018-05-28
2018-05-28
2018-05-28
2018-05-28
2018-05-28
2018-05-28
2018-05-28
2018-05-28
2018-05-28
2018-05-28
2018-05-28
2018-05-28
2018-05-28
2018-05-28
2018-05-28
2018-05-28
2018-05-28
2018-05-28
2018-05-28
2018-05-28
2018-05-28
2018-05-28
2018-05-28
2018-05-28
2018-05-28
2018-05-28
2018-05-28
2018-05-28
2018-05-28
2018-05-28
2018-05-28
2018-05-28
2018-05-28
2018-05-28
2018-05-28
2018-05-28
2018-05-28
2018-05-28
2018-05-28
2018-05-28
2018-05-28
2018-05-28
2018-05-28
2018-05-28
2018-05-28
2018-05-28
2018-05-28
2018-05-28
2018-05-28
2018-05-28
2018-05-28
2018-05-28
2018-05-28
2018-05-28
2018-05-28
2018-05-28
2018-05-28
2018-05-28
2018-05-28
2018-05-28
2018-05-28
2018-05-28
2018-05-28
2018-05-28
2018-05-28
2018-05-28
2018-05-28
2018-05-28
2018-05-28
2018-05-28
2018-05-28
2018-05-28
2018-05-28
2018-05-28
2018-05-28
2018-05-28
2018-05-28
2018-05-28
2018-05-28
2018-05-28
2018-05-28
2018-05-28
2018-05-28
2018-05-28
2018-05-28
2018-05-28
2018-05-28
2018-05-28
2018-05-28
2018-05-28
2018-05-28
2018-05-28
2018-05-28
2018-05-28
2018-05-28
2018-05-28
2018-05-28
2018-05-28
2018-05-28
2018-05-28
2018-05-28
2018-05-28
2018-05-28
2018-05-28
2018-05-28
2018-05-28
2018-05-28
2018-05-28
2018-05-28
2018-05-28
2018-05-28
2018-05-28
2018-05-28
2018-05-28
2018-05-28
2018-05-28
2019-05-20
2019-05-20
2019-05-20
2019-05-20
2019-05-20
2019-05-20
2019-05-20
2019-05-20
2019-05-20
2019-05-20
2019-05-20
2019-05-20
2019-05-20
2019-05-20
2019-05-20
2019-05-20
2019-05-20
2019-05-20
2019-05-20
2019-05-20
2019-05-20
2019-05-20
2019-05-20
2019-05-20
2019-05-20
2019-05-20
2019-05-20
2019-05-20
2019-05-20
2019-05-20
2019-05-20
2019-05-20
2019-05-20
2019-05-20
2019-05-20
2019-05-20
2019-05-20
2019-05-20
2019-05-20
2019-05-20
2019-05-20
2019-05-20
2019-05-20
2019-05-20
2019-05-20
2019-05-20
2019-05-20
2019-05-20
2019-05-20
2019-05-20
2019-05-20
2019-05-20
2019-05-20
2019-05-20
2019-05-20
2019-05-20
2019-05-20
2019-05-20
2019-05-20
2019-05-20
2019-05-20
2019-05-20
2019-05-20
2019-05-20
2019-05-20
2019-05-20
2019-05-20
2019-05-20
2019-05-20
2019-05-20
2019-05-20
2019-05-20
2019-05-20
2019-05-20
2019-05-20
2019-05-20
2019-05-20
2019-05-20
2019-05-20
2019-05-20
2019-05-20
2019-05-20
2019-05-20
2019-05-20
2019-05-20
2019-05-20
2019-05-20
2019-05-20
2019-05-20
2019-05-20
2019-05-20
2019-05-20
2019-05-20
2019-05-20
2019-05-20
2019-05-20
2019-05-20
2019-05-20
2019-05-20
2019-05-20
2019-05-20
2019-05-20
2019-05-20
2019-05-20
2019-05-20
2019-05-20
2019-05-20
2019-05-20
2019-05-20
2019-05-20
2019-05-20
2019-05-20
2019-05-20
2019-05-20
2019-05-20
2019-05-20
2019-05-20
2019-05-20
2019-05-20
2019-05-20
2019-05-20
2019-05-20
2019-05-20
2019-05-20
2019-05-20
2019-05-20
2019-05-20
2019-05-20
2019-05-20
2019-05-20
2019-05-20
2019-05-20
2019-05-20
2019-05-20
2019-05-20
2019-05-20
2019-05-20
2019-05-20
2019-05-20
2019-05-20
2019-05-20
2019-05-20
2019-05-20
2019-05-20
2019-05-20
2019-05-20
2019-05-20
2019-05-20
2019-05-20
2019-05-20
2019-05-20
2019-05-20
2019-05-20
2019-05-20
2019-05-20
2019-05-20
2019-05-20
2019-05-20
2019-05-20
2019-05-20
2019-05-20
2019-05-20
2019-05-20
2019-05-20
2019-05-20
2019-05-20
2019-05-20
2019-05-20
2019-05-20
2019-05-20
2019-05-20
2019-05-20
2019-05-20
2019-05-20
2019-05-20
2019-05-20
2019-05-20
2019-05-20
2019-05-20
2019-05-20
2019-05-20
2019-05-20
2019-05-20
2019-05-20
2019-05-20
2019-05-20
2019-05-20
2019-05-20
2019-05-20
2019-05-20
2019-05-20
2019-05-20
2019-05-20
2019-05-20
2019-05-20
2019-05-20
2019-05-20
2019-05-20
2019-05-20
2019-05-20
2019-05-20
2019-05-20
2019-05-20
2019-05-20
2019-05-20
2019-05-20
2019-05-20
2019-05-20
2019-05-20
2019-05-20
2019-05-20
2019-05-20
2019-05-20
2019-05-20
2019-05-20
2019-05-20
2019-05-20
2019-05-20
2019-05-20
2019-05-20
2019-05-20
2019-05-20
2019-05-20
2019-05-20
2019-05-20
2019-05-20
2019-05-20
2019-05-20
2019-05-20
2019-05-20
2019-05-20
2019-05-20
2019-05-20
2019-05-20
2019-05-20
2019-05-20
2019-05-20
2019-05-20
2019-05-20
2019-05-20
2019-05-20
2019-05-20
2019-05-20
2019-05-20
2019-05-20
2019-05-20
2019-05-20
2019-05-20
2019-05-20
2019-05-20
2019-05-20
2019-05-20
2019-05-20
2019-05-20
2019-05-20
2019-05-20
2019-05-20
2019-05-20
2019-05-20
2019-05-20
2019-05-20
2019-05-20
2019-05-20
2019-05-20
2019-05-20
2019-05-20
2019-05-20
2019-05-20
2019-05-20
2019-05-20
2019-05-20
2019-05-20
2019-05-20
2019-05-20
2019-05-20
2019-05-20
2019-05-20
2019-05-20
2019-05-20
2019-05-20
2019-05-20
2019-05-20
2019-05-20
2019-05-20
2019-05-20
2019-05-20
2019-05-20
2019-05-20
2019-05-20
2019-05-20
2019-05-20
2019-05-20
2019-05-20
2019-05-20
2019-05-20
2019-05-20
2019-05-20
2019-05-20
2019-05-20
2019-05-20
2020-05-05
2020-05-05
2020-05-05
2020-05-05
2020-05-05
2020-05-05
2020-05-05
2020-05-05
2020-05-05
2020-05-05
2020-05-05
2020-05-05
2020-05-05
2020-05-05
2020-05-05
2020-05-05
2020-05-05
2020-05-05
2020-05-05
2020-05-05
2020-05-05
2020-05-05
2020-05-05
2020-05-05
2020-05-05
2020-05-05
2020-05-05
2020-05-05
2020-05-05
2020-05-05
2020-05-05
2020-05-05
2020-05-05
2020-05-05
2020-05-05
2020-05-05
2020-05-05
2020-05-05
2020-05-05
2020-05-05
2020-05-05
2020-05-05
2020-05-05
2020-05-05
2020-05-05
2020-05-05
2020-05-05
2020-05-05
2020-05-05
2020-05-05
2020-05-05
2020-05-05
2020-05-05
2020-05-05
2020-05-05
2020-05-05
2020-05-05
2020-05-05
2020-05-05
2020-05-05
2020-05-05
2020-05-05
2020-05-05
2020-05-05
2020-05-05
2020-05-05
2020-05-05
2020-05-05
2020-05-05
2020-05-05
2020-05-05
2020-05-05
2020-05-05
2020-05-05
2020-05-05
2020-05-05
2020-05-05
2020-05-05
2020-05-05
2020-05-05
2020-05-05
2020-05-05
2020-05-05
2020-05-05
2020-05-05
2020-05-05
2020-05-05
2020-05-05
2020-05-05
2020-05-05
2020-05-05
2020-05-05
2020-05-05
2020-05-05
2020-05-05
2020-05-05
2020-05-05
2020-05-05
2020-05-05
2020-05-05
2020-05-05
2020-05-05
2020-05-05
2020-05-05
2020-05-05
2020-05-05
2020-05-05
2020-05-05
2020-05-05
2020-05-05
2020-05-05
2020-05-05
2020-05-05
2020-05-05
2020-05-05
2020-05-05
2020-05-05
2020-05-05
2020-05-05
2020-05-05
2020-05-05
2020-05-05
2020-05-05
2020-05-05
2020-05-05
2020-05-05
2020-05-05
2020-05-05
2020-05-05
2020-05-05
2020-05-05
2020-05-05
2020-05-05
2020-05-05
2020-05-05
2020-05-05
2020-05-05
2020-05-05
2020-05-05
2020-05-05
2020-05-05
2020-05-05
2020-05-05
2020-05-05
2020-05-05
2020-05-05
2020-05-05
2020-05-05
2020-05-05
2020-05-05
2020-05-05
2020-05-05
2020-05-05
2020-05-05
2020-05-05
2020-05-05
2020-05-05
2020-05-05
2020-05-05
2020-05-05
2020-05-05
2020-05-05
2020-05-05
2020-05-05
2020-05-05
2020-05-05
2020-05-05
2020-05-05
2020-05-05
2020-05-05
2020-05-05
2020-05-05
2020-05-05
2020-05-05
2020-05-05
2020-05-05
2020-05-05
2020-05-05
2020-05-05
2020-05-05
2020-05-05
2020-05-05
2020-05-05
2020-05-05
2020-05-05
2020-05-05
2020-05-05
2020-05-05
2020-05-05
2020-05-05
2020-05-05
2020-05-05
2020-05-05
2020-05-05
2020-05-05
2020-05-05
2020-05-05
2020-05-05
2020-05-05
2020-05-05
2020-05-05
2020-05-05
2020-05-05
2020-05-05
2020-05-05
2020-05-05
2020-05-05
2020-05-05
2020-05-05
2020-05-05
2020-05-05
2020-05-05
2020-05-05
2020-05-05
2020-05-05
2020-05-05
2020-05-05
2020-05-05
2020-05-05
2020-05-05
2020-05-05
2020-05-05
2020-05-05
2020-05-05
2020-05-05
2020-05-05
2020-05-05
2020-05-05
2020-05-05
2020-05-05
2020-05-05
2020-05-05
2020-05-05
2020-05-05
2020-05-05
2020-05-05
2020-05-05
2020-05-05
2020-05-05
2020-05-05
2020-05-05
2020-05-05
2020-05-05
2020-05-05
2020-05-05
2020-05-05
2020-05-05
2020-05-05
2020-05-05
2020-05-05
2020-05-05
2020-05-05
2020-05-05
2020-05-05
2020-05-05
2020-05-05
2020-05-05
2020-05-05
2020-05-05
2020-05-05
2020-05-05
2020-05-05
2020-05-05
2020-05-05
2020-05-05
2020-05-05
2020-05-05
2020-05-05
2020-05-05
2020-05-05
2020-05-05
2020-05-05
2020-05-05
2020-05-05
2020-05-05
2020-05-05
2020-05-05
2020-05-05
2020-05-05
2020-05-05
2020-05-05
2020-05-05
2020-05-05
2020-05-05
2020-05-05
2020-05-05
2020-05-05
2020-05-05
2020-05-05
2020-05-05
2020-05-05
2020-05-05
2020-05-05
2020-05-05
2020-05-05
2020-05-05
2020-05-05
2020-05-05
2020-05-05
2020-05-05
2017-06-01
2017-06-01
2017-06-01
2017-06-01
2017-06-01
2017-06-01
2017-06-01
2017-06-01
2017-06-01
2017-06-01
2017-06-01
2017-06-01
2017-06-01
2017-06-01
2017-06-01
2017-06-01
2017-06-01
2017-06-01
2017-06-01
2017-06-01
2017-06-01
2017-06-01
2017-06-01
2017-06-01
2017-06-01
2017-06-01
2017-06-01
2017-06-01
2017-06-01
2017-06-01
2017-06-01
2017-06-01
2017-06-01
2017-06-01
2017-06-01
2017-06-01
2017-06-01
2017-06-01
2017-06-01
2017-06-01
2017-06-01
2017-06-01
2017-06-01
2017-06-01
2017-06-01
2017-06-01
2017-06-01
2017-06-01
2017-06-01
2017-06-01
2017-06-01
2017-06-01
2017-06-01
2017-06-01
2017-06-01
2017-06-01
2017-06-01
2017-06-01
2017-06-01
2017-06-01
2017-06-01
2017-06-01
2017-06-01
2017-06-01
2017-06-01
2017-06-01
2017-06-01
2017-06-01
2017-06-01
2017-06-01
2017-06-01
2017-06-01
2017-06-01
2017-06-01
2017-06-01
2017-06-01
2017-06-01
2017-06-01
2017-06-01
2017-06-01
2017-06-01
2017-06-01
2017-06-01
2017-06-01
2017-06-01
2017-06-01
2017-06-01
2017-06-01
2017-06-01
2017-06-01
2017-06-01
2017-06-01
2017-06-01
2017-06-01
2017-06-01
2017-06-01
2017-06-01
2017-06-01
2017-06-01
2017-06-01
2017-06-01
2017-06-01
2017-06-01
2017-06-01
2017-06-01
2017-06-01
2017-06-01
2017-06-01
2017-06-01
2017-06-01
2017-06-01
2017-06-01
2017-06-01
2017-06-01
2017-06-01
2017-06-01
2017-06-01
2017-06-01
2017-06-01
2017-06-01
2017-06-01
2017-06-01
2017-06-01
2017-06-01
2017-06-01
2017-06-01
2017-06-01
2017-06-01
2017-06-01
2017-06-01
2017-06-01
2017-06-01
2017-06-01
2017-06-01
2017-06-01
2017-06-01
2017-06-01
2017-06-01
2017-06-01
2017-06-01
2017-06-01
2017-06-01
2017-06-01
2017-06-01
2017-06-01
2017-06-01
2017-06-01
2017-06-01
2017-06-01
2017-06-01
2017-06-01
2017-06-01
2017-06-01
2017-06-01
2017-06-01
2017-06-01
2017-06-01
2017-06-01
2017-06-01
2017-06-01
2017-06-01
2017-06-01
2017-06-01
2017-06-01
2017-06-01
2017-06-01
2017-06-01
2017-06-01
2017-06-01
2017-06-01
2017-06-01
2017-06-01
2017-06-01
2017-06-01
2017-06-01
2017-06-01
2017-06-01
2017-06-01
2017-06-01
2017-06-01
2017-06-01
2017-06-01
2017-06-01
2017-06-01
2017-06-01
2017-06-01
2017-06-01
2017-06-01
2017-06-01
2017-06-01
2017-06-01
2017-06-01
2017-06-01
2017-06-01
2017-06-01
2017-06-01
2017-06-01
2017-06-01
2017-06-01
2017-06-01
2017-06-01
2017-06-01
2017-06-01
2017-06-01
2017-06-01
2017-06-01
2017-06-01
2017-06-01
2017-06-01
2017-06-01
2017-06-01
2017-06-01
2017-06-01
2017-06-01
2017-06-01
2017-06-01
2017-06-01
2017-06-01
2017-06-01
2017-06-01
2017-06-01
2017-06-01
2017-06-01
2017-06-01
2017-06-01
2017-06-01
2017-06-01
2017-06-01
2017-06-01
2017-06-01
2017-06-01
2017-06-01
2017-06-01
2017-06-01
2017-06-01
2017-06-01
2017-06-01
2017-06-01
2017-06-01
2017-06-01
2017-06-01
2017-06-01
2017-06-01
2017-06-01
2017-06-01
2017-06-01
2017-06-01
2017-06-01
2017-06-01
2017-06-01
2017-06-01
2017-06-01
2017-06-01
2017-06-01
2017-06-01
2017-06-01
2017-06-01
2017-06-01
2017-06-01
2017-06-01
2017-06-01
2017-06-01
2017-06-01
2017-06-01
2017-06-01
2017-06-01
2017-06-01
2017-06-01
2017-06-01
2017-06-01
2017-06-01
2017-06-01
2017-06-01
2017-06-01
2017-06-01
2017-06-01
2017-06-01
2017-06-01
2017-06-01
2017-06-01
2017-06-01
2017-06-01
2017-06-01
2017-06-01
2017-06-01
2017-06-01
2017-06-01
2017-06-01
2017-06-01
2017-06-01
2017-06-01
2017-06-01
2017-06-01
2017-06-01
2017-06-01
2017-06-01
2017-06-01
2017-06-01
2017-06-01
2017-06-01
2017-06-20
2017-06-20
2017-06-20
2017-06-20
2017-06-20
2017-06-20
2017-06-20
2017-06-20
2017-06-20
2017-06-20
2017-06-20
2017-06-20
2017-06-20
2017-06-20
2017-06-20
2017-06-20
2017-06-20
2017-06-20
2017-06-20
2017-06-20
2017-06-20
2017-06-20
2017-06-20
2017-06-20
2017-06-20
2017-06-20
2017-06-20
2017-06-20
2017-06-20
2017-06-20
2017-06-20
2017-06-20
2017-06-20
2017-06-20
2017-06-20
2017-06-20
2017-06-20
2017-06-20
2017-06-20
2017-06-20
2017-06-20
2017-06-20
2017-06-20
2017-06-20
2017-06-20
2017-06-20
2017-06-20
2017-06-20
2017-06-20
2017-06-20
2017-06-20
2017-06-20
2017-06-20
2017-06-20
2017-06-20
2017-06-20
2017-06-20
2017-06-20
2017-06-20
2017-06-20
2017-06-20
2017-06-20
2017-06-20
2017-06-20
2017-06-20
2017-06-20
2017-06-20
2017-06-20
2017-06-20
2017-06-20
2017-06-20
2017-06-20
2017-06-20
2017-06-20
2017-06-20
2017-06-20
2017-06-20
2017-06-20
2017-06-20
2017-06-20
2017-06-20
2017-06-20
2017-06-20
2017-06-20
2017-06-20
2017-06-20
2017-06-20
2017-06-20
2017-06-20
2017-06-20
2017-06-20
2017-06-20
2017-06-20
2017-06-20
2017-06-20
2017-06-20
2017-06-20
2017-06-20
2017-06-20
2017-06-20
2017-06-20
2017-06-20
2017-06-20
2017-06-20
2017-06-20
2017-06-20
2017-06-20
2017-06-20
2017-06-20
2017-06-20
2017-06-20
2017-06-20
2017-06-20
2017-06-20
2017-06-20
2017-06-20
2017-06-20
2017-06-20
2017-06-20
2017-06-20
2017-06-20
2017-06-20
2017-06-20
2017-06-20
2017-06-20
2017-06-20
2017-06-20
2017-06-20
2017-06-20
2017-06-20
2017-06-20
2017-06-20
2017-06-20
2017-06-20
2017-06-20
2017-06-20
2017-06-20
2017-06-20
2017-06-20
2017-06-20
2017-06-20
2017-06-20
2017-06-20
2017-06-20
2017-06-20
2017-06-20
2017-06-20
2017-06-20
2017-06-20
2017-06-20
2017-06-20
2017-06-20
2017-06-20
2017-06-20
2017-06-20
2017-06-20
2017-06-20
2017-06-20
2017-06-20
2017-06-20
2017-06-20
2017-06-20
2017-06-20
2017-06-20
2017-06-20
2017-06-20
2017-06-20
2017-06-20
2017-06-20
2017-06-20
2017-06-20
2017-06-20
2017-06-20
2017-06-20
2017-06-20
2017-06-20
2017-06-20
2017-06-20
2017-06-20
2017-06-20
2017-06-20
2017-06-20
2017-06-20
2017-06-20
2017-06-20
2017-06-20
2017-06-20
2017-06-20
2017-06-20
2017-06-20
2017-06-20
2017-06-20
2017-06-20
2017-06-20
2017-06-20
2017-06-20
2017-06-20
2017-06-20
2017-06-20
2017-06-20
2017-06-20
2017-06-20
2017-06-20
2017-06-20
2017-06-20
2017-06-20
2017-06-20
2017-06-20
2017-06-20
2017-06-20
2017-06-20
2017-06-20
2017-06-20
2017-06-20
2017-06-20
2017-06-20
2017-06-20
2017-06-20
2017-06-20
2017-06-20
2017-06-20
2017-06-20
2017-06-20
2017-06-20
2017-06-20
2017-06-20
2017-06-20
2017-06-20
2017-06-20
2017-06-20
2017-06-20
2017-06-20
2017-06-20
2017-06-20
2017-06-20
2017-06-20
2017-06-20
2017-06-20
2017-06-20
2017-06-20
2017-06-20
2017-06-20
2017-06-20
2017-06-20
2017-06-20
2017-06-20
2017-06-20
2017-06-20
2017-06-20
2017-06-20
2017-06-20
2017-06-20
2017-06-20
2017-06-20
2017-06-20
2017-06-20
2017-06-20
2017-06-20
2017-06-20
2017-06-20
2017-06-20
2017-06-20
2017-06-20
2017-06-20
2017-06-20
2017-06-20
2017-06-20
2017-06-20
2017-06-20
2017-06-20
2017-06-20
2017-06-20
2017-06-20
2017-06-20
2017-06-20
2017-06-20
2017-06-20
2017-06-20
2017-06-20
2017-06-20
2017-06-20
2017-06-20
2017-06-20
2017-06-20
2017-06-20
2017-06-20
2017-06-20
2017-06-20
2017-06-20
2017-06-20
2017-06-20
2017-06-20
2017-06-20
2017-06-20
2017-06-20
2017-06-20
2017-06-20
2017-06-20
2017-06-20
2017-06-20
2018-06-12
2018-06-12
2018-06-12
2018-06-12
2018-06-12
2018-06-12
2018-06-12
2018-06-12
2018-06-12
2018-06-12
2018-06-12
2018-06-12
2018-06-12
2018-06-12
2018-06-12
2018-06-12
2018-06-12
2018-06-12
2018-06-12
2018-06-12
2018-06-12
2018-06-12
2018-06-12
2018-06-12
2018-06-12
2018-06-12
2018-06-12
2018-06-12
2018-06-12
2018-06-12
2018-06-12
2018-06-12
2018-06-12
2018-06-12
2018-06-12
2018-06-12
2018-06-12
2018-06-12
2018-06-12
2018-06-12
2018-06-12
2018-06-12
2018-06-12
2018-06-12
2018-06-12
2018-06-12
2018-06-12
2018-06-12
2018-06-12
2018-06-12
2018-06-12
2018-06-12
2018-06-12
2018-06-12
2018-06-12
2018-06-12
2018-06-12
2018-06-12
2018-06-12
2018-06-12
2018-06-12
2018-06-12
2018-06-12
2018-06-12
2018-06-12
2018-06-12
2018-06-12
2018-06-12
2018-06-12
2018-06-12
2018-06-12
2018-06-12
2018-06-12
2018-06-12
2018-06-12
2018-06-12
2018-06-12
2018-06-12
2018-06-12
2018-06-12
2018-06-12
2018-06-12
2018-06-12
2018-06-12
2018-06-12
2018-06-12
2018-06-12
2018-06-12
2018-06-12
2018-06-12
2018-06-12
2018-06-12
2018-06-12
2018-06-12
2018-06-12
2018-06-12
2018-06-12
2018-06-12
2018-06-12
2018-06-12
2018-06-12
2018-06-12
2018-06-12
2018-06-12
2018-06-12
2018-06-12
2018-06-12
2018-06-12
2018-06-12
2018-06-12
2018-06-12
2018-06-12
2018-06-12
2018-06-12
2018-06-12
2018-06-12
2018-06-12
2018-06-12
2018-06-12
2018-06-12
2018-06-12
2018-06-12
2018-06-12
2018-06-12
2018-06-12
2018-06-12
2018-06-12
2018-06-12
2018-06-12
2018-06-12
2018-06-12
2018-06-12
2018-06-12
2018-06-12
2018-06-12
2018-06-12
2018-06-12
2018-06-12
2018-06-12
2018-06-12
2018-06-12
2018-06-12
2018-06-12
2018-06-12
2018-06-12
2018-06-12
2018-06-12
2018-06-12
2018-06-12
2018-06-12
2018-06-12
2018-06-12
2018-06-12
2018-06-12
2018-06-12
2018-06-12
2018-06-12
2018-06-12
2018-06-12
2018-06-12
2018-06-12
2018-06-12
2018-06-12
2018-06-12
2018-06-12
2018-06-12
2018-06-12
2018-06-12
2018-06-12
2018-06-12
2018-06-12
2018-06-12
2018-06-12
2018-06-12
2018-06-12
2018-06-12
2018-06-12
2018-06-12
2018-06-12
2018-06-12
2018-06-12
2018-06-12
2018-06-12
2018-06-12
2018-06-12
2018-06-12
2018-06-12
2018-06-12
2018-06-12
2018-06-12
2018-06-12
2018-06-12
2018-06-12
2018-06-12
2018-06-12
2018-06-12
2018-06-12
2018-06-12
2018-06-12
2018-06-12
2018-06-12
2018-06-12
2018-06-12
2018-06-12
2018-06-12
2018-06-12
2018-06-12
2018-06-12
2018-06-12
2018-06-12
2018-06-12
2018-06-12
2018-06-12
2018-06-12
2018-06-12
2018-06-12
2018-06-12
2018-06-12
2018-06-12
2018-06-12
2018-06-12
2018-06-12
2018-06-12
2018-06-12
2018-06-12
2018-06-12
2018-06-12
2018-06-12
2018-06-12
2018-06-12
2018-06-12
2018-06-12
2018-06-12
2018-06-12
2018-06-12
2018-06-12
2018-06-12
2018-06-12
2018-06-12
2018-06-12
2018-06-12
2018-06-12
2018-06-12
2018-06-12
2018-06-12
2018-06-12
2018-06-12
2018-06-12
2018-06-12
2018-06-12
2018-06-12
2018-06-12
2018-06-12
2018-06-12
2018-06-12
2018-06-12
2018-06-12
2018-06-12
2018-06-12
2018-06-12
2018-06-12
2018-06-12
2018-06-12
2018-06-12
2018-06-12
2018-06-12
2018-06-12
2018-06-12
2018-06-12
2018-06-12
2018-06-12
2018-06-12
2018-06-12
2018-06-12
2018-06-12
2018-06-12
2018-06-12
2018-06-12
2018-06-12
2018-06-12
2018-06-12
2018-06-12
2018-06-12
2018-06-12
2018-06-12
2018-06-12
2018-06-12
2018-06-12
2018-06-12
2018-06-12
2018-06-12
2018-06-12
2018-06-12
2018-06-12
2018-06-12
2018-06-12
2018-06-12
2018-06-12
2018-06-12
2018-06-12
2019-06-03
2019-06-03
2019-06-03
2019-06-03
2019-06-03
2019-06-03
2019-06-03
2019-06-03
2019-06-03
2019-06-03
2019-06-03
2019-06-03
2019-06-03
2019-06-03
2019-06-03
2019-06-03
2019-06-03
2019-06-03
2019-06-03
2019-06-03
2019-06-03
2019-06-03
2019-06-03
2019-06-03
2019-06-03
2019-06-03
2019-06-03
2019-06-03
2019-06-03
2019-06-03
2019-06-03
2019-06-03
2019-06-03
2019-06-03
2019-06-03
2019-06-03
2019-06-03
2019-06-03
2019-06-03
2019-06-03
2019-06-03
2019-06-03
2019-06-03
2019-06-03
2019-06-03
2019-06-03
2019-06-03
2019-06-03
2019-06-03
2019-06-03
2019-06-03
2019-06-03
2019-06-03
2019-06-03
2019-06-03
2019-06-03
2019-06-03
2019-06-03
2019-06-03
2019-06-03
2019-06-03
2019-06-03
2019-06-03
2019-06-03
2019-06-03
2019-06-03
2019-06-03
2019-06-03
2019-06-03
2019-06-03
2019-06-03
2019-06-03
2019-06-03
2019-06-03
2019-06-03
2019-06-03
2019-06-03
2019-06-03
2019-06-03
2019-06-03
2019-06-03
2019-06-03
2019-06-03
2019-06-03
2019-06-03
2019-06-03
2019-06-03
2019-06-03
2019-06-03
2019-06-03
2019-06-03
2019-06-03
2019-06-03
2019-06-03
2019-06-03
2019-06-03
2019-06-03
2019-06-03
2019-06-03
2019-06-03
2019-06-03
2019-06-03
2019-06-03
2019-06-03
2019-06-03
2019-06-03
2019-06-03
2019-06-03
2019-06-03
2019-06-03
2019-06-03
2019-06-03
2019-06-03
2019-06-03
2019-06-03
2019-06-03
2019-06-03
2019-06-03
2019-06-03
2019-06-03
2019-06-03
2019-06-03
2019-06-03
2019-06-03
2019-06-03
2019-06-03
2019-06-03
2019-06-03
2019-06-03
2019-06-03
2019-06-03
2019-06-03
2019-06-03
2019-06-03
2019-06-03
2019-06-03
2019-06-03
2019-06-03
2019-06-03
2019-06-03
2019-06-03
2019-06-03
2019-06-03
2019-06-03
2019-06-03
2019-06-03
2019-06-03
2019-06-03
2019-06-03
2019-06-03
2019-06-03
2019-06-03
2019-06-03
2019-06-03
2019-06-03
2019-06-03
2019-06-03
2019-06-03
2019-06-03
2019-06-03
2019-06-03
2019-06-03
2019-06-03
2019-06-03
2019-06-03
2019-06-03
2019-06-03
2019-06-03
2019-06-03
2019-06-03
2019-06-03
2019-06-03
2019-06-03
2019-06-03
2019-06-03
2019-06-03
2019-06-03
2019-06-03
2019-06-03
2019-06-03
2019-06-03
2019-06-03
2019-06-03
2019-06-03
2019-06-03
2019-06-03
2019-06-03
2019-06-03
2019-06-03
2019-06-03
2019-06-03
2019-06-03
2019-06-03
2019-06-03
2019-06-03
2019-06-03
2019-06-03
2019-06-03
2019-06-03
2019-06-03
2019-06-03
2019-06-03
2019-06-03
2019-06-03
2019-06-03
2019-06-03
2019-06-03
2019-06-03
2019-06-03
2019-06-03
2019-06-03
2019-06-03
2019-06-03
2019-06-03
2019-06-03
2019-06-03
2019-06-03
2019-06-03
2019-06-03
2019-06-03
2019-06-03
2019-06-03
2019-06-03
2019-06-03
2019-06-03
2019-06-03
2019-06-03
2019-06-03
2019-06-03
2019-06-03
2019-06-03
2019-06-03
2019-06-03
2019-06-03
2019-06-03
2019-06-03
2019-06-03
2019-06-03
2019-06-03
2019-06-03
2019-06-03
2019-06-03
2019-06-03
2019-06-03
2019-06-03
2019-06-03
2019-06-03
2019-06-03
2019-06-03
2019-06-03
2019-06-03
2019-06-03
2019-06-03
2019-06-03
2019-06-03
2019-06-03
2019-06-03
2019-06-03
2019-06-03
2019-06-03
2019-06-03
2019-06-03
2019-06-03
2019-06-03
2019-06-03
2019-06-03
2019-06-03
2019-06-03
2019-06-03
2019-06-03
2019-06-03
2019-06-03
2019-06-03
2019-06-03
2019-06-03
2019-06-03
2019-06-03
2019-06-03
2019-06-03
2019-06-03
2019-06-03
2019-06-03
2019-06-03
2019-06-03
2019-06-03
2019-06-03
2019-06-03
2019-06-03
2019-06-03
2019-06-03
2019-06-03
2019-06-03
2019-06-03
2019-06-03
2019-06-03
2019-06-03
2019-06-03
2019-06-03
2019-06-03
2019-06-03
2019-06-26
2019-06-26
2019-06-26
2019-06-26
2019-06-26
2019-06-26
2019-06-26
2019-06-26
2019-06-26
2019-06-26
2019-06-26
2019-06-26
2019-06-26
2019-06-26
2019-06-26
2019-06-26
2019-06-26
2019-06-26
2019-06-26
2019-06-26
2019-06-26
2019-06-26
2019-06-26
2019-06-26
2019-06-26
2019-06-26
2019-06-26
2019-06-26
2019-06-26
2019-06-26
2019-06-26
2019-06-26
2019-06-26
2019-06-26
2019-06-26
2019-06-26
2019-06-26
2019-06-26
2019-06-26
2019-06-26
2019-06-26
2019-06-26
2019-06-26
2019-06-26
2019-06-26
2019-06-26
2019-06-26
2019-06-26
2019-06-26
2019-06-26
2019-06-26
2019-06-26
2019-06-26
2019-06-26
2019-06-26
2019-06-26
2019-06-26
2019-06-26
2019-06-26
2019-06-26
2019-06-26
2019-06-26
2019-06-26
2019-06-26
2019-06-26
2019-06-26
2019-06-26
2019-06-26
2019-06-26
2019-06-26
2019-06-26
2019-06-26
2019-06-26
2019-06-26
2019-06-26
2019-06-26
2019-06-26
2019-06-26
2019-06-26
2019-06-26
2019-06-26
2019-06-26
2019-06-26
2019-06-26
2019-06-26
2019-06-26
2019-06-26
2019-06-26
2019-06-26
2019-06-26
2019-06-26
2019-06-26
2019-06-26
2019-06-26
2019-06-26
2019-06-26
2019-06-26
2019-06-26
2019-06-26
2019-06-26
2019-06-26
2019-06-26
2019-06-26
2019-06-26
2019-06-26
2019-06-26
2019-06-26
2019-06-26
2019-06-26
2019-06-26
2019-06-26
2019-06-26
2019-06-26
2019-06-26
2019-06-26
2019-06-26
2019-06-26
2019-06-26
2019-06-26
2019-06-26
2019-06-26
2019-06-26
2019-06-26
2019-06-26
2019-06-26
2019-06-26
2019-06-26
2019-06-26
2019-06-26
2019-06-26
2019-06-26
2019-06-26
2019-06-26
2019-06-26
2019-06-26
2019-06-26
2019-06-26
2019-06-26
2019-06-26
2019-06-26
2019-06-26
2019-06-26
2019-06-26
2019-06-26
2019-06-26
2019-06-26
2019-06-26
2019-06-26
2019-06-26
2019-06-26
2019-06-26
2019-06-26
2019-06-26
2019-06-26
2019-06-26
2019-06-26
2019-06-26
2019-06-26
2019-06-26
2019-06-26
2019-06-26
2019-06-26
2019-06-26
2019-06-26
2019-06-26
2019-06-26
2019-06-26
2019-06-26
2019-06-26
2019-06-26
2019-06-26
2019-06-26
2019-06-26
2019-06-26
2019-06-26
2019-06-26
2019-06-26
2019-06-26
2019-06-26
2019-06-26
2019-06-26
2019-06-26
2019-06-26
2019-06-26
2019-06-26
2019-06-26
2019-06-26
2019-06-26
2019-06-26
2019-06-26
2019-06-26
2019-06-26
2019-06-26
2019-06-26
2019-06-26
2019-06-26
2019-06-26
2019-06-26
2019-06-26
2019-06-26
2019-06-26
2019-06-26
2019-06-26
2019-06-26
2019-06-26
2019-06-26
2019-06-26
2019-06-26
2019-06-26
2019-06-26
2019-06-26
2019-06-26
2019-06-26
2019-06-26
2019-06-26
2019-06-26
2019-06-26
2019-06-26
2019-06-26
2019-06-26
2019-06-26
2019-06-26
2019-06-26
2019-06-26
2019-06-26
2019-06-26
2019-06-26
2019-06-26
2019-06-26
2019-06-26
2019-06-26
2019-06-26
2019-06-26
2019-06-26
2019-06-26
2019-06-26
2019-06-26
2019-06-26
2019-06-26
2019-06-26
2019-06-26
2019-06-26
2019-06-26
2019-06-26
2019-06-26
2019-06-26
2019-06-26
2019-06-26
2019-06-26
2019-06-26
2019-06-26
2019-06-26
2019-06-26
2019-06-26
2019-06-26
2019-06-26
2019-06-26
2019-06-26
2019-06-26
2019-06-26
2019-06-26
2019-06-26
2019-06-26
2019-06-26
2019-06-26
2019-06-26
2019-06-26
2019-06-26
2019-06-26
2019-06-26
2019-06-26
2019-06-26
2019-06-26
2019-06-26
2019-06-26
2019-06-26
2019-06-26
2019-06-26
2019-06-26
2019-06-26
2019-06-26
2019-06-26
2019-06-26
2019-06-26
2019-06-26
2019-06-26
2019-06-26
2019-06-26
2019-06-26
2019-06-26
2019-06-26
2019-06-26
2019-06-26
2019-06-26
2019-06-26
2019-06-26
2019-06-26
2019-06-26
2019-06-26
2019-06-26
2020-06-02
2020-06-02
2020-06-02
2020-06-02
2020-06-02
2020-06-02
2020-06-02
2020-06-02
2020-06-02
2020-06-02
2020-06-02
2020-06-02
2020-06-02
2020-06-02
2020-06-02
2020-06-02
2020-06-02
2020-06-02
2020-06-02
2020-06-02
2020-06-02
2020-06-02
2020-06-02
2020-06-02
2020-06-02
2020-06-02
2020-06-02
2020-06-02
2020-06-02
2020-06-02
2020-06-02
2020-06-02
2020-06-02
2020-06-02
2020-06-02
2020-06-02
2020-06-02
2020-06-02
2020-06-02
2020-06-02
2020-06-02
2020-06-02
2020-06-02
2020-06-02
2020-06-02
2020-06-02
2020-06-02
2020-06-02
2020-06-02
2020-06-02
2020-06-02
2020-06-02
2020-06-02
2020-06-02
2020-06-02
2020-06-02
2020-06-02
2020-06-02
2020-06-02
2020-06-02
2020-06-02
2020-06-02
2020-06-02
2020-06-02
2020-06-02
2020-06-02
2020-06-02
2020-06-02
2020-06-02
2020-06-02
2020-06-02
2020-06-02
2020-06-02
2020-06-02
2020-06-02
2020-06-02
2020-06-02
2020-06-02
2020-06-02
2020-06-02
2020-06-02
2020-06-02
2020-06-02
2020-06-02
2020-06-02
2020-06-02
2020-06-02
2020-06-02
2020-06-02
2020-06-02
2020-06-02
2020-06-02
2020-06-02
2020-06-02
2020-06-02
2020-06-02
2020-06-02
2020-06-02
2020-06-02
2020-06-02
2020-06-02
2020-06-02
2020-06-02
2020-06-02
2020-06-02
2020-06-02
2020-06-02
2020-06-02
2020-06-02
2020-06-02
2020-06-02
2020-06-02
2020-06-02
2020-06-02
2020-06-02
2020-06-02
2020-06-02
2020-06-02
2020-06-02
2020-06-02
2020-06-02
2020-06-02
2020-06-02
2020-06-02
2020-06-02
2020-06-02
2020-06-02
2020-06-02
2020-06-02
2020-06-02
2020-06-02
2020-06-02
2020-06-02
2020-06-02
2020-06-02
2020-06-02
2020-06-02
2020-06-02
2020-06-02
2020-06-02
2020-06-02
2020-06-02
2020-06-02
2020-06-02
2020-06-02
2020-06-02
2020-06-02
2020-06-02
2020-06-02
2020-06-02
2020-06-02
2020-06-02
2020-06-02
2020-06-02
2020-06-02
2020-06-02
2020-06-02
2020-06-02
2020-06-02
2020-06-02
2020-06-02
2020-06-02
2020-06-02
2020-06-02
2020-06-02
2020-06-02
2020-06-02
2020-06-02
2020-06-02
2020-06-02
2020-06-02
2020-06-02
2020-06-02
2020-06-02
2020-06-02
2020-06-02
2020-06-02
2020-06-02
2020-06-02
2020-06-02
2020-06-02
2020-06-02
2020-06-02
2020-06-02
2020-06-02
2020-06-02
2020-06-02
2020-06-02
2020-06-02
2020-06-02
2020-06-02
2020-06-02
2020-06-02
2020-06-02
2020-06-02
2020-06-02
2020-06-02
2020-06-02
2020-06-02
2020-06-02
2020-06-02
2020-06-02
2020-06-02
2020-06-02
2020-06-02
2020-06-02
2020-06-02
2020-06-02
2020-06-02
2020-06-02
2020-06-02
2020-06-02
2020-06-02
2020-06-02
2020-06-02
2020-06-02
2020-06-02
2020-06-02
2020-06-02
2020-06-02
2020-06-02
2020-06-02
2020-06-02
2020-06-02
2020-06-02
2020-06-02
2020-06-02
2020-06-02
2020-06-02
2020-06-02
2020-06-02
2020-06-02
2020-06-02
2020-06-02
2020-06-02
2020-06-02
2020-06-02
2020-06-02
2020-06-02
2020-06-02
2020-06-02
2020-06-02
2020-06-02
2020-06-02
2020-06-02
2020-06-02
2020-06-02
2020-06-02
2020-06-02
2020-06-02
2020-06-02
2020-06-02
2020-06-02
2020-06-02
2020-06-02
2020-06-02
2020-06-02
2020-06-02
2020-06-02
2020-06-02
2020-06-02
2020-06-02
2020-06-02
2020-06-02
2020-06-02
2020-06-02
2020-06-02
2020-06-02
2020-06-02
2020-06-02
2020-06-02
2020-06-02
2020-06-02
2020-06-02
2020-06-02
2020-06-02
2020-06-02
2020-06-02
2020-06-02
2020-06-02
2020-06-02
2020-06-02
2020-06-02
2020-06-02
2020-06-02
2020-06-02
2020-06-02
2020-06-02
2020-06-02
2020-06-02
2020-06-02
2020-06-02
2020-06-02
2020-06-02
2020-06-02
2020-06-02
2020-06-02
2020-06-02
2020-06-02
2020-06-02
2020-06-15
2020-06-15
2020-06-15
2020-06-15
2020-06-15
2020-06-15
2020-06-15
2020-06-15
2020-06-15
2020-06-15
2020-06-15
2020-06-15
2020-06-15
2020-06-15
2020-06-15
2020-06-15
2020-06-15
2020-06-15
2020-06-15
2020-06-15
2020-06-15
2020-06-15
2020-06-15
2020-06-15
2020-06-15
2020-06-15
2020-06-15
2020-06-15
2020-06-15
2020-06-15
2020-06-15
2020-06-15
2020-06-15
2020-06-15
2020-06-15
2020-06-15
2020-06-15
2020-06-15
2020-06-15
2020-06-15
2020-06-15
2020-06-15
2020-06-15
2020-06-15
2020-06-15
2020-06-15
2020-06-15
2020-06-15
2020-06-15
2020-06-15
2020-06-15
2020-06-15
2020-06-15
2020-06-15
2020-06-15
2020-06-15
2020-06-15
2020-06-15
2020-06-15
2020-06-15
2020-06-15
2020-06-15
2020-06-15
2020-06-15
2020-06-15
2020-06-15
2020-06-15
2020-06-15
2020-06-15
2020-06-15
2020-06-15
2020-06-15
2020-06-15
2020-06-15
2020-06-15
2020-06-15
2020-06-15
2020-06-15
2020-06-15
2020-06-15
2020-06-15
2020-06-15
2020-06-15
2020-06-15
2020-06-15
2020-06-15
2020-06-15
2020-06-15
2020-06-15
2020-06-15
2020-06-15
2020-06-15
2020-06-15
2020-06-15
2020-06-15
2020-06-15
2020-06-15
2020-06-15
2020-06-15
2020-06-15
2020-06-15
2020-06-15
2020-06-15
2020-06-15
2020-06-15
2020-06-15
2020-06-15
2020-06-15
2020-06-15
2020-06-15
2020-06-15
2020-06-15
2020-06-15
2020-06-15
2020-06-15
2020-06-15
2020-06-15
2020-06-15
2020-06-15
2020-06-15
2020-06-15
2020-06-15
2020-06-15
2020-06-15
2020-06-15
2020-06-15
2020-06-15
2020-06-15
2020-06-15
2020-06-15
2020-06-15
2020-06-15
2020-06-15
2020-06-15
2020-06-15
2020-06-15
2020-06-15
2020-06-15
2020-06-15
2020-06-15
2020-06-15
2020-06-15
2020-06-15
2020-06-15
2020-06-15
2020-06-15
2020-06-15
2020-06-15
2020-06-15
2020-06-15
2020-06-15
2020-06-15
2020-06-15
2020-06-15
2020-06-15
2020-06-15
2020-06-15
2020-06-15
2020-06-15
2020-06-15
2020-06-15
2020-06-15
2020-06-15
2020-06-15
2020-06-15
2020-06-15
2020-06-15
2020-06-15
2020-06-15
2020-06-15
2020-06-15
2020-06-15
2020-06-15
2020-06-15
2020-06-15
2020-06-15
2020-06-15
2020-06-15
2020-06-15
2020-06-15
2020-06-15
2020-06-15
2020-06-15
2020-06-15
2020-06-15
2020-06-15
2020-06-15
2020-06-15
2020-06-15
2020-06-15
2020-06-15
2020-06-15
2020-06-15
2020-06-15
2020-06-15
2020-06-15
2020-06-15
2020-06-15
2020-06-15
2020-06-15
2020-06-15
2020-06-15
2020-06-15
2020-06-15
2020-06-15
2020-06-15
2020-06-15
2020-06-15
2020-06-15
2020-06-15
2020-06-15
2020-06-15
2020-06-15
2020-06-15
2020-06-15
2020-06-15
2020-06-15
2020-06-15
2020-06-15
2020-06-15
2020-06-15
2020-06-15
2020-06-15
2020-06-15
2020-06-15
2020-06-15
2020-06-15
2020-06-15
2020-06-15
2020-06-15
2020-06-15
2020-06-15
2020-06-15
2020-06-15
2020-06-15
2020-06-15
2020-06-15
2020-06-15
2020-06-15
2020-06-15
2020-06-15
2020-06-15
2020-06-15
2020-06-15
2020-06-15
2020-06-15
2020-06-15
2020-06-15
2020-06-15
2020-06-15
2020-06-15
2020-06-15
2020-06-15
2020-06-15
2020-06-15
2020-06-15
2020-06-15
2020-06-15
2020-06-15
2020-06-15
2020-06-15
2020-06-15
2020-06-15
2020-06-15
2020-06-15
2020-06-15
2020-06-15
2020-06-15
2020-06-15
2020-06-15
2020-06-15
2020-06-15
2020-06-15
2020-06-15
2020-06-15
2020-06-15
2020-06-15
2020-06-15
2020-06-15
2020-06-15
2020-06-15
2020-06-15
2020-06-15
2020-06-15
2020-06-15
2020-06-15
2020-06-15
2020-06-15
2020-06-15
2020-06-15
2020-06-15
2020-06-15
2020-06-15
2020-06-15
2020-06-15
2020-06-15
2020-06-15
2020-06-15
2020-06-15
2020-06-15
2020-06-30
2020-06-30
2020-06-30
2020-06-30
2020-06-30
2020-06-30
2020-06-30
2020-06-30
2020-06-30
2020-06-30
2020-06-30
2020-06-30
2020-06-30
2020-06-30
2020-06-30
2020-06-30
2020-06-30
2020-06-30
2020-06-30
2020-06-30
2020-06-30
2020-06-30
2020-06-30
2020-06-30
2020-06-30
2020-06-30
2020-06-30
2020-06-30
2020-06-30
2020-06-30
2020-06-30
2020-06-30
2020-06-30
2020-06-30
2020-06-30
2020-06-30
2020-06-30
2020-06-30
2020-06-30
2020-06-30
2020-06-30
2020-06-30
2020-06-30
2020-06-30
2020-06-30
2020-06-30
2020-06-30
2020-06-30
2020-06-30
2020-06-30
2020-06-30
2020-06-30
2020-06-30
2020-06-30
2020-06-30
2020-06-30
2020-06-30
2020-06-30
2020-06-30
2020-06-30
2020-06-30
2020-06-30
2020-06-30
2020-06-30
2020-06-30
2020-06-30
2020-06-30
2020-06-30
2020-06-30
2020-06-30
2020-06-30
2020-06-30
2020-06-30
2020-06-30
2020-06-30
2020-06-30
2020-06-30
2020-06-30
2020-06-30
2020-06-30
2020-06-30
2020-06-30
2020-06-30
2020-06-30
2020-06-30
2020-06-30
2020-06-30
2020-06-30
2020-06-30
2020-06-30
2020-06-30
2020-06-30
2020-06-30
2020-06-30
2020-06-30
2020-06-30
2020-06-30
2020-06-30
2020-06-30
2020-06-30
2020-06-30
2020-06-30
2020-06-30
2020-06-30
2020-06-30
2020-06-30
2020-06-30
2020-06-30
2020-06-30
2020-06-30
2020-06-30
2020-06-30
2020-06-30
2020-06-30
2020-06-30
2020-06-30
2020-06-30
2020-06-30
2020-06-30
2020-06-30
2020-06-30
2020-06-30
2020-06-30
2020-06-30
2020-06-30
2020-06-30
2020-06-30
2020-06-30
2020-06-30
2020-06-30
2020-06-30
2020-06-30
2020-06-30
2020-06-30
2020-06-30
2020-06-30
2020-06-30
2020-06-30
2020-06-30
2020-06-30
2020-06-30
2020-06-30
2020-06-30
2020-06-30
2020-06-30
2020-06-30
2020-06-30
2020-06-30
2020-06-30
2020-06-30
2020-06-30
2020-06-30
2020-06-30
2020-06-30
2020-06-30
2020-06-30
2020-06-30
2020-06-30
2020-06-30
2020-06-30
2020-06-30
2020-06-30
2020-06-30
2020-06-30
2020-06-30
2020-06-30
2020-06-30
2020-06-30
2020-06-30
2020-06-30
2020-06-30
2020-06-30
2020-06-30
2020-06-30
2020-06-30
2020-06-30
2020-06-30
2020-06-30
2020-06-30
2020-06-30
2020-06-30
2020-06-30
2020-06-30
2020-06-30
2020-06-30
2020-06-30
2020-06-30
2020-06-30
2020-06-30
2020-06-30
2020-06-30
2020-06-30
2020-06-30
2020-06-30
2020-06-30
2020-06-30
2020-06-30
2020-06-30
2020-06-30
2020-06-30
2020-06-30
2020-06-30
2020-06-30
2020-06-30
2020-06-30
2020-06-30
2020-06-30
2020-06-30
2020-06-30
2020-06-30
2020-06-30
2020-06-30
2020-06-30
2020-06-30
2020-06-30
2020-06-30
2020-06-30
2020-06-30
2020-06-30
2020-06-30
2020-06-30
2020-06-30
2020-06-30
2020-06-30
2020-06-30
2020-06-30
2020-06-30
2020-06-30
2020-06-30
2020-06-30
2020-06-30
2020-06-30
2020-06-30
2020-06-30
2020-06-30
2020-06-30
2020-06-30
2020-06-30
2020-06-30
2020-06-30
2020-06-30
2020-06-30
2020-06-30
2020-06-30
2020-06-30
2020-06-30
2020-06-30
2020-06-30
2020-06-30
2020-06-30
2020-06-30
2020-06-30
2020-06-30
2020-06-30
2020-06-30
2020-06-30
2020-06-30
2020-06-30
2020-06-30
2020-06-30
2020-06-30
2020-06-30
2020-06-30
2020-06-30
2020-06-30
2020-06-30
2020-06-30
2020-06-30
2020-06-30
2020-06-30
2020-06-30
2020-06-30
2020-06-30
2020-06-30
2020-06-30
2020-06-30
2020-06-30
2020-06-30
2020-06-30
2020-06-30
2020-06-30
2020-06-30
2020-06-30
2020-06-30
2020-06-30
2020-06-30
2020-06-30
2020-06-30
2020-06-30
2020-06-30
2020-06-30
2020-06-30
2020-06-30
2020-06-30
2020-06-30
2020-06-30
2020-06-30
2020-06-30
2020-06-30
2020-06-30
2017-07-04
2017-07-04
2017-07-04
2017-07-04
2017-07-04
2017-07-04
2017-07-04
2017-07-04
2017-07-04
2017-07-04
2017-07-04
2017-07-04
2017-07-04
2017-07-04
2017-07-04
2017-07-04
2017-07-04
2017-07-04
2017-07-04
2017-07-04
2017-07-04
2017-07-04
2017-07-04
2017-07-04
2017-07-04
2017-07-04
2017-07-04
2017-07-04
2017-07-04
2017-07-04
2017-07-04
2017-07-04
2017-07-04
2017-07-04
2017-07-04
2017-07-04
2017-07-04
2017-07-04
2017-07-04
2017-07-04
2017-07-04
2017-07-04
2017-07-04
2017-07-04
2017-07-04
2017-07-04
2017-07-04
2017-07-04
2017-07-04
2017-07-04
2017-07-04
2017-07-04
2017-07-04
2017-07-04
2017-07-04
2017-07-04
2017-07-04
2017-07-04
2017-07-04
2017-07-04
2017-07-04
2017-07-04
2017-07-04
2017-07-04
2017-07-04
2017-07-04
2017-07-04
2017-07-04
2017-07-04
2017-07-04
2017-07-04
2017-07-04
2017-07-04
2017-07-04
2017-07-04
2017-07-04
2017-07-04
2017-07-04
2017-07-04
2017-07-04
2017-07-04
2017-07-04
2017-07-04
2017-07-04
2017-07-04
2017-07-04
2017-07-04
2017-07-04
2017-07-04
2017-07-04
2017-07-04
2017-07-04
2017-07-04
2017-07-04
2017-07-04
2017-07-04
2017-07-04
2017-07-04
2017-07-04
2017-07-04
2017-07-04
2017-07-04
2017-07-04
2017-07-04
2017-07-04
2017-07-04
2017-07-04
2017-07-04
2017-07-04
2017-07-04
2017-07-04
2017-07-04
2017-07-04
2017-07-04
2017-07-04
2017-07-04
2017-07-04
2017-07-04
2017-07-04
2017-07-04
2017-07-04
2017-07-04
2017-07-04
2017-07-04
2017-07-04
2017-07-04
2017-07-04
2017-07-04
2017-07-04
2017-07-04
2017-07-04
2017-07-04
2017-07-04
2017-07-04
2017-07-04
2017-07-04
2017-07-04
2017-07-04
2017-07-04
2017-07-04
2017-07-04
2017-07-04
2017-07-04
2017-07-04
2017-07-04
2017-07-04
2017-07-04
2017-07-04
2017-07-04
2017-07-04
2017-07-04
2017-07-04
2017-07-04
2017-07-04
2017-07-04
2017-07-04
2017-07-04
2017-07-04
2017-07-04
2017-07-04
2017-07-04
2017-07-04
2017-07-04
2017-07-04
2017-07-04
2017-07-04
2017-07-04
2017-07-04
2017-07-04
2017-07-04
2017-07-04
2017-07-04
2017-07-04
2017-07-04
2017-07-04
2017-07-04
2017-07-04
2017-07-04
2017-07-04
2017-07-04
2017-07-04
2017-07-04
2017-07-04
2017-07-04
2017-07-04
2017-07-04
2017-07-04
2017-07-04
2017-07-04
2017-07-04
2017-07-04
2017-07-04
2017-07-04
2017-07-04
2017-07-04
2017-07-04
2017-07-04
2017-07-04
2017-07-04
2017-07-04
2017-07-04
2017-07-04
2017-07-04
2017-07-04
2017-07-04
2017-07-04
2017-07-04
2017-07-04
2017-07-04
2017-07-04
2017-07-04
2017-07-04
2017-07-04
2017-07-04
2017-07-04
2017-07-04
2017-07-04
2017-07-04
2017-07-04
2017-07-04
2017-07-04
2017-07-04
2017-07-04
2017-07-04
2017-07-04
2017-07-04
2017-07-04
2017-07-04
2017-07-04
2017-07-04
2017-07-04
2017-07-04
2017-07-04
2017-07-04
2017-07-04
2017-07-04
2017-07-04
2017-07-04
2017-07-04
2017-07-04
2017-07-04
2017-07-04
2017-07-04
2017-07-04
2017-07-04
2017-07-04
2017-07-04
2017-07-04
2017-07-04
2017-07-04
2017-07-04
2017-07-04
2017-07-04
2017-07-04
2017-07-04
2017-07-04
2017-07-04
2017-07-04
2017-07-04
2017-07-04
2017-07-04
2017-07-04
2017-07-04
2017-07-04
2017-07-04
2017-07-04
2017-07-04
2017-07-04
2017-07-04
2017-07-04
2017-07-04
2017-07-04
2017-07-04
2017-07-04
2017-07-04
2017-07-04
2017-07-04
2017-07-04
2017-07-04
2017-07-04
2017-07-04
2017-07-04
2017-07-04
2017-07-04
2017-07-04
2017-07-04
2017-07-04
2017-07-04
2017-07-04
2017-07-04
2017-07-04
2017-07-04
2017-07-04
2017-07-04
2017-07-04
2017-07-04
2017-07-04
2017-07-04
2017-07-04
2017-07-04
2017-07-18
2017-07-18
2017-07-18
2017-07-18
2017-07-18
2017-07-18
2017-07-18
2017-07-18
2017-07-18
2017-07-18
2017-07-18
2017-07-18
2017-07-18
2017-07-18
2017-07-18
2017-07-18
2017-07-18
2017-07-18
2017-07-18
2017-07-18
2017-07-18
2017-07-18
2017-07-18
2017-07-18
2017-07-18
2017-07-18
2017-07-18
2017-07-18
2017-07-18
2017-07-18
2017-07-18
2017-07-18
2017-07-18
2017-07-18
2017-07-18
2017-07-18
2017-07-18
2017-07-18
2017-07-18
2017-07-18
2017-07-18
2017-07-18
2017-07-18
2017-07-18
2017-07-18
2017-07-18
2017-07-18
2017-07-18
2017-07-18
2017-07-18
2017-07-18
2017-07-18
2017-07-18
2017-07-18
2017-07-18
2017-07-18
2017-07-18
2017-07-18
2017-07-18
2017-07-18
2017-07-18
2017-07-18
2017-07-18
2017-07-18
2017-07-18
2017-07-18
2017-07-18
2017-07-18
2017-07-18
2017-07-18
2017-07-18
2017-07-18
2017-07-18
2017-07-18
2017-07-18
2017-07-18
2017-07-18
2017-07-18
2017-07-18
2017-07-18
2017-07-18
2017-07-18
2017-07-18
2017-07-18
2017-07-18
2017-07-18
2017-07-18
2017-07-18
2017-07-18
2017-07-18
2017-07-18
2017-07-18
2017-07-18
2017-07-18
2017-07-18
2017-07-18
2017-07-18
2017-07-18
2017-07-18
2017-07-18
2017-07-18
2017-07-18
2017-07-18
2017-07-18
2017-07-18
2017-07-18
2017-07-18
2017-07-18
2017-07-18
2017-07-18
2017-07-18
2017-07-18
2017-07-18
2017-07-18
2017-07-18
2017-07-18
2017-07-18
2017-07-18
2017-07-18
2017-07-18
2017-07-18
2017-07-18
2017-07-18
2017-07-18
2017-07-18
2017-07-18
2017-07-18
2017-07-18
2017-07-18
2017-07-18
2017-07-18
2017-07-18
2017-07-18
2017-07-18
2017-07-18
2017-07-18
2017-07-18
2017-07-18
2017-07-18
2017-07-18
2017-07-18
2017-07-18
2017-07-18
2017-07-18
2017-07-18
2017-07-18
2017-07-18
2017-07-18
2017-07-18
2017-07-18
2017-07-18
2017-07-18
2017-07-18
2017-07-18
2017-07-18
2017-07-18
2017-07-18
2017-07-18
2017-07-18
2017-07-18
2017-07-18
2017-07-18
2017-07-18
2017-07-18
2017-07-18
2017-07-18
2017-07-18
2017-07-18
2017-07-18
2017-07-18
2017-07-18
2017-07-18
2017-07-18
2017-07-18
2017-07-18
2017-07-18
2017-07-18
2017-07-18
2017-07-18
2017-07-18
2017-07-18
2017-07-18
2017-07-18
2017-07-18
2017-07-18
2017-07-18
2017-07-18
2017-07-18
2017-07-18
2017-07-18
2017-07-18
2017-07-18
2017-07-18
2017-07-18
2017-07-18
2017-07-18
2017-07-18
2017-07-18
2017-07-18
2017-07-18
2017-07-18
2017-07-18
2017-07-18
2017-07-18
2017-07-18
2017-07-18
2017-07-18
2017-07-18
2017-07-18
2017-07-18
2017-07-18
2017-07-18
2017-07-18
2017-07-18
2017-07-18
2017-07-18
2017-07-18
2017-07-18
2017-07-18
2017-07-18
2017-07-18
2017-07-18
2017-07-18
2017-07-18
2017-07-18
2017-07-18
2017-07-18
2017-07-18
2017-07-18
2017-07-18
2017-07-18
2017-07-18
2017-07-18
2017-07-18
2017-07-18
2017-07-18
2017-07-18
2017-07-18
2017-07-18
2017-07-18
2017-07-18
2017-07-18
2017-07-18
2017-07-18
2017-07-18
2017-07-18
2017-07-18
2017-07-18
2017-07-18
2017-07-18
2017-07-18
2017-07-18
2017-07-18
2017-07-18
2017-07-18
2017-07-18
2017-07-18
2017-07-18
2017-07-18
2017-07-18
2017-07-18
2017-07-18
2017-07-18
2017-07-18
2017-07-18
2017-07-18
2017-07-18
2017-07-18
2017-07-18
2017-07-18
2017-07-18
2017-07-18
2017-07-18
2017-07-18
2017-07-18
2017-07-18
2017-07-18
2017-07-18
2017-07-18
2017-07-18
2017-07-18
2017-07-18
2017-07-18
2017-07-18
2017-07-18
2017-07-18
2017-07-18
2017-07-18
2017-07-18
2017-07-18
2017-07-18
2017-07-18
2017-07-18
2017-07-18
2017-07-18
2017-07-18
2017-07-18
2017-07-18
2017-07-18
2017-07-18
2018-07-02
2018-07-02
2018-07-02
2018-07-02
2018-07-02
2018-07-02
2018-07-02
2018-07-02
2018-07-02
2018-07-02
2018-07-02
2018-07-02
2018-07-02
2018-07-02
2018-07-02
2018-07-02
2018-07-02
2018-07-02
2018-07-02
2018-07-02
2018-07-02
2018-07-02
2018-07-02
2018-07-02
2018-07-02
2018-07-02
2018-07-02
2018-07-02
2018-07-02
2018-07-02
2018-07-02
2018-07-02
2018-07-02
2018-07-02
2018-07-02
2018-07-02
2018-07-02
2018-07-02
2018-07-02
2018-07-02
2018-07-02
2018-07-02
2018-07-02
2018-07-02
2018-07-02
2018-07-02
2018-07-02
2018-07-02
2018-07-02
2018-07-02
2018-07-02
2018-07-02
2018-07-02
2018-07-02
2018-07-02
2018-07-02
2018-07-02
2018-07-02
2018-07-02
2018-07-02
2018-07-02
2018-07-02
2018-07-02
2018-07-02
2018-07-02
2018-07-02
2018-07-02
2018-07-02
2018-07-02
2018-07-02
2018-07-02
2018-07-02
2018-07-02
2018-07-02
2018-07-02
2018-07-02
2018-07-02
2018-07-02
2018-07-02
2018-07-02
2018-07-02
2018-07-02
2018-07-02
2018-07-02
2018-07-02
2018-07-02
2018-07-02
2018-07-02
2018-07-02
2018-07-02
2018-07-02
2018-07-02
2018-07-02
2018-07-02
2018-07-02
2018-07-02
2018-07-02
2018-07-02
2018-07-02
2018-07-02
2018-07-02
2018-07-02
2018-07-02
2018-07-02
2018-07-02
2018-07-02
2018-07-02
2018-07-02
2018-07-02
2018-07-02
2018-07-02
2018-07-02
2018-07-02
2018-07-02
2018-07-02
2018-07-02
2018-07-02
2018-07-02
2018-07-02
2018-07-02
2018-07-02
2018-07-02
2018-07-02
2018-07-02
2018-07-02
2018-07-02
2018-07-02
2018-07-02
2018-07-02
2018-07-02
2018-07-02
2018-07-02
2018-07-02
2018-07-02
2018-07-02
2018-07-02
2018-07-02
2018-07-02
2018-07-02
2018-07-02
2018-07-02
2018-07-02
2018-07-02
2018-07-02
2018-07-02
2018-07-02
2018-07-02
2018-07-02
2018-07-02
2018-07-02
2018-07-02
2018-07-02
2018-07-02
2018-07-02
2018-07-02
2018-07-02
2018-07-02
2018-07-02
2018-07-02
2018-07-02
2018-07-02
2018-07-02
2018-07-02
2018-07-02
2018-07-02
2018-07-02
2018-07-02
2018-07-02
2018-07-02
2018-07-02
2018-07-02
2018-07-02
2018-07-02
2018-07-02
2018-07-02
2018-07-02
2018-07-02
2018-07-02
2018-07-02
2018-07-02
2018-07-02
2018-07-02
2018-07-02
2018-07-02
2018-07-02
2018-07-02
2018-07-02
2018-07-02
2018-07-02
2018-07-02
2018-07-02
2018-07-02
2018-07-02
2018-07-02
2018-07-02
2018-07-02
2018-07-02
2018-07-02
2018-07-02
2018-07-02
2018-07-02
2018-07-02
2018-07-02
2018-07-02
2018-07-02
2018-07-02
2018-07-02
2018-07-02
2018-07-02
2018-07-02
2018-07-02
2018-07-02
2018-07-02
2018-07-02
2018-07-02
2018-07-02
2018-07-02
2018-07-02
2018-07-02
2018-07-02
2018-07-02
2018-07-02
2018-07-02
2018-07-02
2018-07-02
2018-07-02
2018-07-02
2018-07-02
2018-07-02
2018-07-02
2018-07-02
2018-07-02
2018-07-02
2018-07-02
2018-07-02
2018-07-02
2018-07-02
2018-07-02
2018-07-02
2018-07-02
2018-07-02
2018-07-02
2018-07-02
2018-07-02
2018-07-02
2018-07-02
2018-07-02
2018-07-02
2018-07-02
2018-07-02
2018-07-02
2018-07-02
2018-07-02
2018-07-02
2018-07-02
2018-07-02
2018-07-02
2018-07-02
2018-07-02
2018-07-02
2018-07-02
2018-07-02
2018-07-02
2018-07-02
2018-07-02
2018-07-02
2018-07-02
2018-07-02
2018-07-02
2018-07-02
2018-07-02
2018-07-02
2018-07-02
2018-07-02
2018-07-02
2018-07-02
2018-07-02
2018-07-02
2018-07-02
2018-07-02
2018-07-02
2018-07-02
2018-07-02
2018-07-02
2018-07-02
2018-07-02
2018-07-02
2018-07-02
2018-07-02
2018-07-02
2018-07-02
2018-07-02
2018-07-02
2018-07-02
2018-07-02
2018-07-02
2018-07-02
2018-07-02
2018-07-02
2018-07-02
2018-07-17
2018-07-17
2018-07-17
2018-07-17
2018-07-17
2018-07-17
2018-07-17
2018-07-17
2018-07-17
2018-07-17
2018-07-17
2018-07-17
2018-07-17
2018-07-17
2018-07-17
2018-07-17
2018-07-17
2018-07-17
2018-07-17
2018-07-17
2018-07-17
2018-07-17
2018-07-17
2018-07-17
2018-07-17
2018-07-17
2018-07-17
2018-07-17
2018-07-17
2018-07-17
2018-07-17
2018-07-17
2018-07-17
2018-07-17
2018-07-17
2018-07-17
2018-07-17
2018-07-17
2018-07-17
2018-07-17
2018-07-17
2018-07-17
2018-07-17
2018-07-17
2018-07-17
2018-07-17
2018-07-17
2018-07-17
2018-07-17
2018-07-17
2018-07-17
2018-07-17
2018-07-17
2018-07-17
2018-07-17
2018-07-17
2018-07-17
2018-07-17
2018-07-17
2018-07-17
2018-07-17
2018-07-17
2018-07-17
2018-07-17
2018-07-17
2018-07-17
2018-07-17
2018-07-17
2018-07-17
2018-07-17
2018-07-17
2018-07-17
2018-07-17
2018-07-17
2018-07-17
2018-07-17
2018-07-17
2018-07-17
2018-07-17
2018-07-17
2018-07-17
2018-07-17
2018-07-17
2018-07-17
2018-07-17
2018-07-17
2018-07-17
2018-07-17
2018-07-17
2018-07-17
2018-07-17
2018-07-17
2018-07-17
2018-07-17
2018-07-17
2018-07-17
2018-07-17
2018-07-17
2018-07-17
2018-07-17
2018-07-17
2018-07-17
2018-07-17
2018-07-17
2018-07-17
2018-07-17
2018-07-17
2018-07-17
2018-07-17
2018-07-17
2018-07-17
2018-07-17
2018-07-17
2018-07-17
2018-07-17
2018-07-17
2018-07-17
2018-07-17
2018-07-17
2018-07-17
2018-07-17
2018-07-17
2018-07-17
2018-07-17
2018-07-17
2018-07-17
2018-07-17
2018-07-17
2018-07-17
2018-07-17
2018-07-17
2018-07-17
2018-07-17
2018-07-17
2018-07-17
2018-07-17
2018-07-17
2018-07-17
2018-07-17
2018-07-17
2018-07-17
2018-07-17
2018-07-17
2018-07-17
2018-07-17
2018-07-17
2018-07-17
2018-07-17
2018-07-17
2018-07-17
2018-07-17
2018-07-17
2018-07-17
2018-07-17
2018-07-17
2018-07-17
2018-07-17
2018-07-17
2018-07-17
2018-07-17
2018-07-17
2018-07-17
2018-07-17
2018-07-17
2018-07-17
2018-07-17
2018-07-17
2018-07-17
2018-07-17
2018-07-17
2018-07-17
2018-07-17
2018-07-17
2018-07-17
2018-07-17
2018-07-17
2018-07-17
2018-07-17
2018-07-17
2018-07-17
2018-07-17
2018-07-17
2018-07-17
2018-07-17
2018-07-17
2018-07-17
2018-07-17
2018-07-17
2018-07-17
2018-07-17
2018-07-17
2018-07-17
2018-07-17
2018-07-17
2018-07-17
2018-07-17
2018-07-17
2018-07-17
2018-07-17
2018-07-17
2018-07-17
2018-07-17
2018-07-17
2018-07-17
2018-07-17
2018-07-17
2018-07-17
2018-07-17
2018-07-17
2018-07-17
2018-07-17
2018-07-17
2018-07-17
2018-07-17
2018-07-17
2018-07-17
2018-07-17
2018-07-17
2018-07-17
2018-07-17
2018-07-17
2018-07-17
2018-07-17
2018-07-17
2018-07-17
2018-07-17
2018-07-17
2018-07-17
2018-07-17
2018-07-17
2018-07-17
2018-07-17
2018-07-17
2018-07-17
2018-07-17
2018-07-17
2018-07-17
2018-07-17
2018-07-17
2018-07-17
2018-07-17
2018-07-17
2018-07-17
2018-07-17
2018-07-17
2018-07-17
2018-07-17
2018-07-17
2018-07-17
2018-07-17
2018-07-17
2018-07-17
2018-07-17
2018-07-17
2018-07-17
2018-07-17
2018-07-17
2018-07-17
2018-07-17
2018-07-17
2018-07-17
2018-07-17
2018-07-17
2018-07-17
2018-07-17
2018-07-17
2018-07-17
2018-07-17
2018-07-17
2018-07-17
2018-07-17
2018-07-17
2018-07-17
2018-07-17
2018-07-17
2018-07-17
2018-07-17
2018-07-17
2018-07-17
2018-07-17
2018-07-17
2018-07-17
2018-07-17
2018-07-17
2018-07-17
2018-07-17
2018-07-17
2018-07-17
2018-07-17
2018-07-17
2018-07-17
2018-07-17
2018-07-17
2018-07-17
2018-07-17
2018-07-17
2018-07-17
2018-07-17
2018-07-17
2018-07-17
2018-07-30
2018-07-30
2018-07-30
2018-07-30
2018-07-30
2018-07-30
2018-07-30
2018-07-30
2018-07-30
2018-07-30
2018-07-30
2018-07-30
2018-07-30
2018-07-30
2018-07-30
2018-07-30
2018-07-30
2018-07-30
2018-07-30
2018-07-30
2018-07-30
2018-07-30
2018-07-30
2018-07-30
2018-07-30
2018-07-30
2018-07-30
2018-07-30
2018-07-30
2018-07-30
2018-07-30
2018-07-30
2018-07-30
2018-07-30
2018-07-30
2018-07-30
2018-07-30
2018-07-30
2018-07-30
2018-07-30
2018-07-30
2018-07-30
2018-07-30
2018-07-30
2018-07-30
2018-07-30
2018-07-30
2018-07-30
2018-07-30
2018-07-30
2018-07-30
2018-07-30
2018-07-30
2018-07-30
2018-07-30
2018-07-30
2018-07-30
2018-07-30
2018-07-30
2018-07-30
2018-07-30
2018-07-30
2018-07-30
2018-07-30
2018-07-30
2018-07-30
2018-07-30
2018-07-30
2018-07-30
2018-07-30
2018-07-30
2018-07-30
2018-07-30
2018-07-30
2018-07-30
2018-07-30
2018-07-30
2018-07-30
2018-07-30
2018-07-30
2018-07-30
2018-07-30
2018-07-30
2018-07-30
2018-07-30
2018-07-30
2018-07-30
2018-07-30
2018-07-30
2018-07-30
2018-07-30
2018-07-30
2018-07-30
2018-07-30
2018-07-30
2018-07-30
2018-07-30
2018-07-30
2018-07-30
2018-07-30
2018-07-30
2018-07-30
2018-07-30
2018-07-30
2018-07-30
2018-07-30
2018-07-30
2018-07-30
2018-07-30
2018-07-30
2018-07-30
2018-07-30
2018-07-30
2018-07-30
2018-07-30
2018-07-30
2018-07-30
2018-07-30
2018-07-30
2018-07-30
2018-07-30
2018-07-30
2018-07-30
2018-07-30
2018-07-30
2018-07-30
2018-07-30
2018-07-30
2018-07-30
2018-07-30
2018-07-30
2018-07-30
2018-07-30
2018-07-30
2018-07-30
2018-07-30
2018-07-30
2018-07-30
2018-07-30
2018-07-30
2018-07-30
2018-07-30
2018-07-30
2018-07-30
2018-07-30
2018-07-30
2018-07-30
2018-07-30
2018-07-30
2018-07-30
2018-07-30
2018-07-30
2018-07-30
2018-07-30
2018-07-30
2018-07-30
2018-07-30
2018-07-30
2018-07-30
2018-07-30
2018-07-30
2018-07-30
2018-07-30
2018-07-30
2018-07-30
2018-07-30
2018-07-30
2018-07-30
2018-07-30
2018-07-30
2018-07-30
2018-07-30
2018-07-30
2018-07-30
2018-07-30
2018-07-30
2018-07-30
2018-07-30
2018-07-30
2018-07-30
2018-07-30
2018-07-30
2018-07-30
2018-07-30
2018-07-30
2018-07-30
2018-07-30
2018-07-30
2018-07-30
2018-07-30
2018-07-30
2018-07-30
2018-07-30
2018-07-30
2018-07-30
2018-07-30
2018-07-30
2018-07-30
2018-07-30
2018-07-30
2018-07-30
2018-07-30
2018-07-30
2018-07-30
2018-07-30
2018-07-30
2018-07-30
2018-07-30
2018-07-30
2018-07-30
2018-07-30
2018-07-30
2018-07-30
2018-07-30
2018-07-30
2018-07-30
2018-07-30
2018-07-30
2018-07-30
2018-07-30
2018-07-30
2018-07-30
2018-07-30
2018-07-30
2018-07-30
2018-07-30
2018-07-30
2018-07-30
2018-07-30
2018-07-30
2018-07-30
2018-07-30
2018-07-30
2018-07-30
2018-07-30
2018-07-30
2018-07-30
2018-07-30
2018-07-30
2018-07-30
2018-07-30
2018-07-30
2018-07-30
2018-07-30
2018-07-30
2018-07-30
2018-07-30
2018-07-30
2018-07-30
2018-07-30
2018-07-30
2018-07-30
2018-07-30
2018-07-30
2018-07-30
2018-07-30
2018-07-30
2018-07-30
2018-07-30
2018-07-30
2018-07-30
2018-07-30
2018-07-30
2018-07-30
2018-07-30
2018-07-30
2018-07-30
2018-07-30
2018-07-30
2018-07-30
2018-07-30
2018-07-30
2018-07-30
2018-07-30
2018-07-30
2018-07-30
2018-07-30
2018-07-30
2018-07-30
2018-07-30
2018-07-30
2018-07-30
2018-07-30
2018-07-30
2018-07-30
2018-07-30
2018-07-30
2018-07-30
2018-07-30
2018-07-30
2018-07-30
2018-07-30
2018-07-30
2018-07-30
2018-07-30
2018-07-30
2018-07-30
2018-07-30
2018-07-30
2018-07-30
2019-07-11
2019-07-11
2019-07-11
2019-07-11
2019-07-11
2019-07-11
2019-07-11
2019-07-11
2019-07-11
2019-07-11
2019-07-11
2019-07-11
2019-07-11
2019-07-11
2019-07-11
2019-07-11
2019-07-11
2019-07-11
2019-07-11
2019-07-11
2019-07-11
2019-07-11
2019-07-11
2019-07-11
2019-07-11
2019-07-11
2019-07-11
2019-07-11
2019-07-11
2019-07-11
2019-07-11
2019-07-11
2019-07-11
2019-07-11
2019-07-11
2019-07-11
2019-07-11
2019-07-11
2019-07-11
2019-07-11
2019-07-11
2019-07-11
2019-07-11
2019-07-11
2019-07-11
2019-07-11
2019-07-11
2019-07-11
2019-07-11
2019-07-11
2019-07-11
2019-07-11
2019-07-11
2019-07-11
2019-07-11
2019-07-11
2019-07-11
2019-07-11
2019-07-11
2019-07-11
2019-07-11
2019-07-11
2019-07-11
2019-07-11
2019-07-11
2019-07-11
2019-07-11
2019-07-11
2019-07-11
2019-07-11
2019-07-11
2019-07-11
2019-07-11
2019-07-11
2019-07-11
2019-07-11
2019-07-11
2019-07-11
2019-07-11
2019-07-11
2019-07-11
2019-07-11
2019-07-11
2019-07-11
2019-07-11
2019-07-11
2019-07-11
2019-07-11
2019-07-11
2019-07-11
2019-07-11
2019-07-11
2019-07-11
2019-07-11
2019-07-11
2019-07-11
2019-07-11
2019-07-11
2019-07-11
2019-07-11
2019-07-11
2019-07-11
2019-07-11
2019-07-11
2019-07-11
2019-07-11
2019-07-11
2019-07-11
2019-07-11
2019-07-11
2019-07-11
2019-07-11
2019-07-11
2019-07-11
2019-07-11
2019-07-11
2019-07-11
2019-07-11
2019-07-11
2019-07-11
2019-07-11
2019-07-11
2019-07-11
2019-07-11
2019-07-11
2019-07-11
2019-07-11
2019-07-11
2019-07-11
2019-07-11
2019-07-11
2019-07-11
2019-07-11
2019-07-11
2019-07-11
2019-07-11
2019-07-11
2019-07-11
2019-07-11
2019-07-11
2019-07-11
2019-07-11
2019-07-11
2019-07-11
2019-07-11
2019-07-11
2019-07-11
2019-07-11
2019-07-11
2019-07-11
2019-07-11
2019-07-11
2019-07-11
2019-07-11
2019-07-11
2019-07-11
2019-07-11
2019-07-11
2019-07-11
2019-07-11
2019-07-11
2019-07-11
2019-07-11
2019-07-11
2019-07-11
2019-07-11
2019-07-11
2019-07-11
2019-07-11
2019-07-11
2019-07-11
2019-07-11
2019-07-11
2019-07-11
2019-07-11
2019-07-11
2019-07-11
2019-07-11
2019-07-11
2019-07-11
2019-07-11
2019-07-11
2019-07-11
2019-07-11
2019-07-11
2019-07-11
2019-07-11
2019-07-11
2019-07-11
2019-07-11
2019-07-11
2019-07-11
2019-07-11
2019-07-11
2019-07-11
2019-07-11
2019-07-11
2019-07-11
2019-07-11
2019-07-11
2019-07-11
2019-07-11
2019-07-11
2019-07-11
2019-07-11
2019-07-11
2019-07-11
2019-07-11
2019-07-11
2019-07-11
2019-07-11
2019-07-11
2019-07-11
2019-07-11
2019-07-11
2019-07-11
2019-07-11
2019-07-11
2019-07-11
2019-07-11
2019-07-11
2019-07-11
2019-07-11
2019-07-11
2019-07-11
2019-07-11
2019-07-11
2019-07-11
2019-07-11
2019-07-11
2019-07-11
2019-07-11
2019-07-11
2019-07-11
2019-07-11
2019-07-11
2019-07-11
2019-07-11
2019-07-11
2019-07-11
2019-07-11
2019-07-11
2019-07-11
2019-07-11
2019-07-11
2019-07-11
2019-07-11
2019-07-11
2019-07-11
2019-07-11
2019-07-11
2019-07-11
2019-07-11
2019-07-11
2019-07-11
2019-07-11
2019-07-11
2019-07-11
2019-07-11
2019-07-11
2019-07-11
2019-07-11
2019-07-11
2019-07-11
2019-07-11
2019-07-11
2019-07-11
2019-07-11
2019-07-11
2019-07-11
2019-07-11
2019-07-11
2019-07-11
2019-07-11
2019-07-11
2019-07-11
2019-07-11
2019-07-11
2019-07-11
2019-07-11
2019-07-11
2019-07-11
2019-07-11
2019-07-11
2019-07-11
2019-07-11
2019-07-11
2019-07-11
2019-07-11
2019-07-11
2019-07-11
2019-07-11
2019-07-11
2019-07-11
2019-07-11
2019-07-11
2019-07-11
2019-07-11
2019-07-11
2019-07-11
2019-07-24
2019-07-24
2019-07-24
2019-07-24
2019-07-24
2019-07-24
2019-07-24
2019-07-24
2019-07-24
2019-07-24
2019-07-24
2019-07-24
2019-07-24
2019-07-24
2019-07-24
2019-07-24
2019-07-24
2019-07-24
2019-07-24
2019-07-24
2019-07-24
2019-07-24
2019-07-24
2019-07-24
2019-07-24
2019-07-24
2019-07-24
2019-07-24
2019-07-24
2019-07-24
2019-07-24
2019-07-24
2019-07-24
2019-07-24
2019-07-24
2019-07-24
2019-07-24
2019-07-24
2019-07-24
2019-07-24
2019-07-24
2019-07-24
2019-07-24
2019-07-24
2019-07-24
2019-07-24
2019-07-24
2019-07-24
2019-07-24
2019-07-24
2019-07-24
2019-07-24
2019-07-24
2019-07-24
2019-07-24
2019-07-24
2019-07-24
2019-07-24
2019-07-24
2019-07-24
2019-07-24
2019-07-24
2019-07-24
2019-07-24
2019-07-24
2019-07-24
2019-07-24
2019-07-24
2019-07-24
2019-07-24
2019-07-24
2019-07-24
2019-07-24
2019-07-24
2019-07-24
2019-07-24
2019-07-24
2019-07-24
2019-07-24
2019-07-24
2019-07-24
2019-07-24
2019-07-24
2019-07-24
2019-07-24
2019-07-24
2019-07-24
2019-07-24
2019-07-24
2019-07-24
2019-07-24
2019-07-24
2019-07-24
2019-07-24
2019-07-24
2019-07-24
2019-07-24
2019-07-24
2019-07-24
2019-07-24
2019-07-24
2019-07-24
2019-07-24
2019-07-24
2019-07-24
2019-07-24
2019-07-24
2019-07-24
2019-07-24
2019-07-24
2019-07-24
2019-07-24
2019-07-24
2019-07-24
2019-07-24
2019-07-24
2019-07-24
2019-07-24
2019-07-24
2019-07-24
2019-07-24
2019-07-24
2019-07-24
2019-07-24
2019-07-24
2019-07-24
2019-07-24
2019-07-24
2019-07-24
2019-07-24
2019-07-24
2019-07-24
2019-07-24
2019-07-24
2019-07-24
2019-07-24
2019-07-24
2019-07-24
2019-07-24
2019-07-24
2019-07-24
2019-07-24
2019-07-24
2019-07-24
2019-07-24
2019-07-24
2019-07-24
2019-07-24
2019-07-24
2019-07-24
2019-07-24
2019-07-24
2019-07-24
2019-07-24
2019-07-24
2019-07-24
2019-07-24
2019-07-24
2019-07-24
2019-07-24
2019-07-24
2019-07-24
2019-07-24
2019-07-24
2019-07-24
2019-07-24
2019-07-24
2019-07-24
2019-07-24
2019-07-24
2019-07-24
2019-07-24
2019-07-24
2019-07-24
2019-07-24
2019-07-24
2019-07-24
2019-07-24
2019-07-24
2019-07-24
2019-07-24
2019-07-24
2019-07-24
2019-07-24
2019-07-24
2019-07-24
2019-07-24
2019-07-24
2019-07-24
2019-07-24
2019-07-24
2019-07-24
2019-07-24
2019-07-24
2019-07-24
2019-07-24
2019-07-24
2019-07-24
2019-07-24
2019-07-24
2019-07-24
2019-07-24
2019-07-24
2019-07-24
2019-07-24
2019-07-24
2019-07-24
2019-07-24
2019-07-24
2019-07-24
2019-07-24
2019-07-24
2019-07-24
2019-07-24
2019-07-24
2019-07-24
2019-07-24
2019-07-24
2019-07-24
2019-07-24
2019-07-24
2019-07-24
2019-07-24
2019-07-24
2019-07-24
2019-07-24
2019-07-24
2019-07-24
2019-07-24
2019-07-24
2019-07-24
2019-07-24
2019-07-24
2019-07-24
2019-07-24
2019-07-24
2019-07-24
2019-07-24
2019-07-24
2019-07-24
2019-07-24
2019-07-24
2019-07-24
2019-07-24
2019-07-24
2019-07-24
2019-07-24
2019-07-24
2019-07-24
2019-07-24
2019-07-24
2019-07-24
2019-07-24
2019-07-24
2019-07-24
2019-07-24
2019-07-24
2019-07-24
2019-07-24
2019-07-24
2019-07-24
2019-07-24
2019-07-24
2019-07-24
2019-07-24
2019-07-24
2019-07-24
2019-07-24
2019-07-24
2019-07-24
2019-07-24
2019-07-24
2019-07-24
2019-07-24
2019-07-24
2019-07-24
2019-07-24
2019-07-24
2019-07-24
2019-07-24
2019-07-24
2019-07-24
2019-07-24
2019-07-24
2019-07-24
2019-07-24
2019-07-24
2019-07-24
2019-07-24
2019-07-24
2019-07-24
2019-07-24
2019-07-24
2019-07-24
2019-07-24
2019-07-24
2019-07-24
2019-07-24
2019-07-24
2019-07-24
2020-07-20
2020-07-20
2020-07-20
2020-07-20
2020-07-20
2020-07-20
2020-07-20
2020-07-20
2020-07-20
2020-07-20
2020-07-20
2020-07-20
2020-07-20
2020-07-20
2020-07-20
2020-07-20
2020-07-20
2020-07-20
2020-07-20
2020-07-20
2020-07-20
2020-07-20
2020-07-20
2020-07-20
2020-07-20
2020-07-20
2020-07-20
2020-07-20
2020-07-20
2020-07-20
2020-07-20
2020-07-20
2020-07-20
2020-07-20
2020-07-20
2020-07-20
2020-07-20
2020-07-20
2020-07-20
2020-07-20
2020-07-20
2020-07-20
2020-07-20
2020-07-20
2020-07-20
2020-07-20
2020-07-20
2020-07-20
2020-07-20
2020-07-20
2020-07-20
2020-07-20
2020-07-20
2020-07-20
2020-07-20
2020-07-20
2020-07-20
2020-07-20
2020-07-20
2020-07-20
2020-07-20
2020-07-20
2020-07-20
2020-07-20
2020-07-20
2020-07-20
2020-07-20
2020-07-20
2020-07-20
2020-07-20
2020-07-20
2020-07-20
2020-07-20
2020-07-20
2020-07-20
2020-07-20
2020-07-20
2020-07-20
2020-07-20
2020-07-20
2020-07-20
2020-07-20
2020-07-20
2020-07-20
2020-07-20
2020-07-20
2020-07-20
2020-07-20
2020-07-20
2020-07-20
2020-07-20
2020-07-20
2020-07-20
2020-07-20
2020-07-20
2020-07-20
2020-07-20
2020-07-20
2020-07-20
2020-07-20
2020-07-20
2020-07-20
2020-07-20
2020-07-20
2020-07-20
2020-07-20
2020-07-20
2020-07-20
2020-07-20
2020-07-20
2020-07-20
2020-07-20
2020-07-20
2020-07-20
2020-07-20
2020-07-20
2020-07-20
2020-07-20
2020-07-20
2020-07-20
2020-07-20
2020-07-20
2020-07-20
2020-07-20
2020-07-20
2020-07-20
2020-07-20
2020-07-20
2020-07-20
2020-07-20
2020-07-20
2020-07-20
2020-07-20
2020-07-20
2020-07-20
2020-07-20
2020-07-20
2020-07-20
2020-07-20
2020-07-20
2020-07-20
2020-07-20
2020-07-20
2020-07-20
2020-07-20
2020-07-20
2020-07-20
2020-07-20
2020-07-20
2020-07-20
2020-07-20
2020-07-20
2020-07-20
2020-07-20
2020-07-20
2020-07-20
2020-07-20
2020-07-20
2020-07-20
2020-07-20
2020-07-20
2020-07-20
2020-07-20
2020-07-20
2020-07-20
2020-07-20
2020-07-20
2020-07-20
2020-07-20
2020-07-20
2020-07-20
2020-07-20
2020-07-20
2020-07-20
2020-07-20
2020-07-20
2020-07-20
2020-07-20
2020-07-20
2020-07-20
2020-07-20
2020-07-20
2020-07-20
2020-07-20
2020-07-20
2020-07-20
2020-07-20
2020-07-20
2020-07-20
2020-07-20
2020-07-20
2020-07-20
2020-07-20
2020-07-20
2020-07-20
2020-07-20
2020-07-20
2020-07-20
2020-07-20
2020-07-20
2020-07-20
2020-07-20
2020-07-20
2020-07-20
2020-07-20
2020-07-20
2020-07-20
2020-07-20
2020-07-20
2020-07-20
2020-07-20
2020-07-20
2020-07-20
2020-07-20
2020-07-20
2020-07-20
2020-07-20
2020-07-20
2020-07-20
2020-07-20
2020-07-20
2020-07-20
2020-07-20
2020-07-20
2020-07-20
2020-07-20
2020-07-20
2020-07-20
2020-07-20
2020-07-20
2020-07-20
2020-07-20
2020-07-20
2020-07-20
2020-07-20
2020-07-20
2020-07-20
2020-07-20
2020-07-20
2020-07-20
2020-07-20
2020-07-20
2020-07-20
2020-07-20
2020-07-20
2020-07-20
2020-07-20
2020-07-20
2020-07-20
2020-07-20
2020-07-20
2020-07-20
2020-07-20
2020-07-20
2020-07-20
2020-07-20
2020-07-20
2020-07-20
2020-07-20
2020-07-20
2020-07-20
2020-07-20
2020-07-20
2020-07-20
2020-07-20
2020-07-20
2020-07-20
2020-07-20
2020-07-20
2020-07-20
2020-07-20
2020-07-20
2020-07-20
2020-07-20
2020-07-20
2020-07-20
2020-07-20
2020-07-20
2020-07-20
2020-07-20
2020-07-20
2020-07-20
2020-07-20
2020-07-20
2020-07-20
2020-07-20
2020-07-20
2020-07-20
2020-07-20
2020-07-20
2020-07-20
2020-07-20
2020-07-20
2020-07-20
2020-07-20
2020-07-20
2020-07-20
2020-07-20
2020-07-20
2020-07-20
2017-08-09
2017-08-09
2017-08-09
2017-08-09
2017-08-09
2017-08-09
2017-08-09
2017-08-09
2017-08-09
2017-08-09
2017-08-09
2017-08-09
2017-08-09
2017-08-09
2017-08-09
2017-08-09
2017-08-09
2017-08-09
2017-08-09
2017-08-09
2017-08-09
2017-08-09
2017-08-09
2017-08-09
2017-08-09
2017-08-09
2017-08-09
2017-08-09
2017-08-09
2017-08-09
2017-08-09
2017-08-09
2017-08-09
2017-08-09
2017-08-09
2017-08-09
2017-08-09
2017-08-09
2017-08-09
2017-08-09
2017-08-09
2017-08-09
2017-08-09
2017-08-09
2017-08-09
2017-08-09
2017-08-09
2017-08-09
2017-08-09
2017-08-09
2017-08-09
2017-08-09
2017-08-09
2017-08-09
2017-08-09
2017-08-09
2017-08-09
2017-08-09
2017-08-09
2017-08-09
2017-08-09
2017-08-09
2017-08-09
2017-08-09
2017-08-09
2017-08-09
2017-08-09
2017-08-09
2017-08-09
2017-08-09
2017-08-09
2017-08-09
2017-08-09
2017-08-09
2017-08-09
2017-08-09
2017-08-09
2017-08-09
2017-08-09
2017-08-09
2017-08-09
2017-08-09
2017-08-09
2017-08-09
2017-08-09
2017-08-09
2017-08-09
2017-08-09
2017-08-09
2017-08-09
2017-08-09
2017-08-09
2017-08-09
2017-08-09
2017-08-09
2017-08-09
2017-08-09
2017-08-09
2017-08-09
2017-08-09
2017-08-09
2017-08-09
2017-08-09
2017-08-09
2017-08-09
2017-08-09
2017-08-09
2017-08-09
2017-08-09
2017-08-09
2017-08-09
2017-08-09
2017-08-09
2017-08-09
2017-08-09
2017-08-09
2017-08-09
2017-08-09
2017-08-09
2017-08-09
2017-08-09
2017-08-09
2017-08-09
2017-08-09
2017-08-09
2017-08-09
2017-08-09
2017-08-09
2017-08-09
2017-08-09
2017-08-09
2017-08-09
2017-08-09
2017-08-09
2017-08-09
2017-08-09
2017-08-09
2017-08-09
2017-08-09
2017-08-09
2017-08-09
2017-08-09
2017-08-09
2017-08-09
2017-08-09
2017-08-09
2017-08-09
2017-08-09
2017-08-09
2017-08-09
2017-08-09
2017-08-09
2017-08-09
2017-08-09
2017-08-09
2017-08-09
2017-08-09
2017-08-09
2017-08-09
2017-08-09
2017-08-09
2017-08-09
2017-08-09
2017-08-09
2017-08-09
2017-08-09
2017-08-09
2017-08-09
2017-08-09
2017-08-09
2017-08-09
2017-08-09
2017-08-09
2017-08-09
2017-08-09
2017-08-09
2017-08-09
2017-08-09
2017-08-09
2017-08-09
2017-08-09
2017-08-09
2017-08-09
2017-08-09
2017-08-09
2017-08-09
2017-08-09
2017-08-09
2017-08-09
2017-08-09
2017-08-09
2017-08-09
2017-08-09
2017-08-09
2017-08-09
2017-08-09
2017-08-09
2017-08-09
2017-08-09
2017-08-09
2017-08-09
2017-08-09
2017-08-09
2017-08-09
2017-08-09
2017-08-09
2017-08-09
2017-08-09
2017-08-09
2017-08-09
2017-08-09
2017-08-09
2017-08-09
2017-08-09
2017-08-09
2017-08-09
2017-08-09
2017-08-09
2017-08-09
2017-08-09
2017-08-09
2017-08-09
2017-08-09
2017-08-09
2017-08-09
2017-08-09
2017-08-09
2017-08-09
2017-08-09
2017-08-09
2017-08-09
2017-08-09
2017-08-09
2017-08-09
2017-08-09
2017-08-09
2017-08-09
2017-08-09
2017-08-09
2017-08-09
2017-08-09
2017-08-09
2017-08-09
2017-08-09
2017-08-09
2017-08-09
2017-08-09
2017-08-09
2017-08-09
2017-08-09
2017-08-09
2017-08-09
2017-08-09
2017-08-09
2017-08-09
2017-08-09
2017-08-09
2017-08-09
2017-08-09
2017-08-09
2017-08-09
2017-08-09
2017-08-09
2017-08-09
2017-08-09
2017-08-09
2017-08-09
2017-08-09
2017-08-09
2017-08-09
2017-08-09
2017-08-09
2017-08-09
2017-08-09
2017-08-09
2017-08-09
2017-08-09
2017-08-09
2017-08-09
2017-08-09
2017-08-09
2017-08-09
2017-08-09
2017-08-09
2017-08-09
2017-08-09
2017-08-09
2017-08-09
2017-08-09
2017-08-09
2017-08-09
2017-08-09
2017-08-09
2017-08-09
2017-08-09
2017-08-09
2017-08-09
2017-08-09
2017-08-09
2017-08-09
2017-08-22
2017-08-22
2017-08-22
2017-08-22
2017-08-22
2017-08-22
2017-08-22
2017-08-22
2017-08-22
2017-08-22
2017-08-22
2017-08-22
2017-08-22
2017-08-22
2017-08-22
2017-08-22
2017-08-22
2017-08-22
2017-08-22
2017-08-22
2017-08-22
2017-08-22
2017-08-22
2017-08-22
2017-08-22
2017-08-22
2017-08-22
2017-08-22
2017-08-22
2017-08-22
2017-08-22
2017-08-22
2017-08-22
2017-08-22
2017-08-22
2017-08-22
2017-08-22
2017-08-22
2017-08-22
2017-08-22
2017-08-22
2017-08-22
2017-08-22
2017-08-22
2017-08-22
2017-08-22
2017-08-22
2017-08-22
2017-08-22
2017-08-22
2017-08-22
2017-08-22
2017-08-22
2017-08-22
2017-08-22
2017-08-22
2017-08-22
2017-08-22
2017-08-22
2017-08-22
2017-08-22
2017-08-22
2017-08-22
2017-08-22
2017-08-22
2017-08-22
2017-08-22
2017-08-22
2017-08-22
2017-08-22
2017-08-22
2017-08-22
2017-08-22
2017-08-22
2017-08-22
2017-08-22
2017-08-22
2017-08-22
2017-08-22
2017-08-22
2017-08-22
2017-08-22
2017-08-22
2017-08-22
2017-08-22
2017-08-22
2017-08-22
2017-08-22
2017-08-22
2017-08-22
2017-08-22
2017-08-22
2017-08-22
2017-08-22
2017-08-22
2017-08-22
2017-08-22
2017-08-22
2017-08-22
2017-08-22
2017-08-22
2017-08-22
2017-08-22
2017-08-22
2017-08-22
2017-08-22
2017-08-22
2017-08-22
2017-08-22
2017-08-22
2017-08-22
2017-08-22
2017-08-22
2017-08-22
2017-08-22
2017-08-22
2017-08-22
2017-08-22
2017-08-22
2017-08-22
2017-08-22
2017-08-22
2017-08-22
2017-08-22
2017-08-22
2017-08-22
2017-08-22
2017-08-22
2017-08-22
2017-08-22
2017-08-22
2017-08-22
2017-08-22
2017-08-22
2017-08-22
2017-08-22
2017-08-22
2017-08-22
2017-08-22
2017-08-22
2017-08-22
2017-08-22
2017-08-22
2017-08-22
2017-08-22
2017-08-22
2017-08-22
2017-08-22
2017-08-22
2017-08-22
2017-08-22
2017-08-22
2017-08-22
2017-08-22
2017-08-22
2017-08-22
2017-08-22
2017-08-22
2017-08-22
2017-08-22
2017-08-22
2017-08-22
2017-08-22
2017-08-22
2017-08-22
2017-08-22
2017-08-22
2017-08-22
2017-08-22
2017-08-22
2017-08-22
2017-08-22
2017-08-22
2017-08-22
2017-08-22
2017-08-22
2017-08-22
2017-08-22
2017-08-22
2017-08-22
2017-08-22
2017-08-22
2017-08-22
2017-08-22
2017-08-22
2017-08-22
2017-08-22
2017-08-22
2017-08-22
2017-08-22
2017-08-22
2017-08-22
2017-08-22
2017-08-22
2017-08-22
2017-08-22
2017-08-22
2017-08-22
2017-08-22
2017-08-22
2017-08-22
2017-08-22
2017-08-22
2017-08-22
2017-08-22
2017-08-22
2017-08-22
2017-08-22
2017-08-22
2017-08-22
2017-08-22
2017-08-22
2017-08-22
2017-08-22
2017-08-22
2017-08-22
2017-08-22
2017-08-22
2017-08-22
2017-08-22
2017-08-22
2017-08-22
2017-08-22
2017-08-22
2017-08-22
2017-08-22
2017-08-22
2017-08-22
2017-08-22
2017-08-22
2017-08-22
2017-08-22
2017-08-22
2017-08-22
2017-08-22
2017-08-22
2017-08-22
2017-08-22
2017-08-22
2017-08-22
2017-08-22
2017-08-22
2017-08-22
2017-08-22
2017-08-22
2017-08-22
2017-08-22
2017-08-22
2017-08-22
2017-08-22
2017-08-22
2017-08-22
2017-08-22
2017-08-22
2017-08-22
2017-08-22
2017-08-22
2017-08-22
2017-08-22
2017-08-22
2017-08-22
2017-08-22
2017-08-22
2017-08-22
2017-08-22
2017-08-22
2017-08-22
2017-08-22
2017-08-22
2017-08-22
2017-08-22
2017-08-22
2017-08-22
2017-08-22
2017-08-22
2017-08-22
2017-08-22
2017-08-22
2017-08-22
2017-08-22
2017-08-22
2017-08-22
2017-08-22
2017-08-22
2017-08-22
2017-08-22
2017-08-22
2017-08-22
2017-08-22
2017-08-22
2017-08-22
2017-08-22
2017-08-22
2017-08-22
2017-08-22
2017-08-22
2017-08-22
2017-08-22
2017-08-22
2017-08-22
2018-08-22
2018-08-22
2018-08-22
2018-08-22
2018-08-22
2018-08-22
2018-08-22
2018-08-22
2018-08-22
2018-08-22
2018-08-22
2018-08-22
2018-08-22
2018-08-22
2018-08-22
2018-08-22
2018-08-22
2018-08-22
2018-08-22
2018-08-22
2018-08-22
2018-08-22
2018-08-22
2018-08-22
2018-08-22
2018-08-22
2018-08-22
2018-08-22
2018-08-22
2018-08-22
2018-08-22
2018-08-22
2018-08-22
2018-08-22
2018-08-22
2018-08-22
2018-08-22
2018-08-22
2018-08-22
2018-08-22
2018-08-22
2018-08-22
2018-08-22
2018-08-22
2018-08-22
2018-08-22
2018-08-22
2018-08-22
2018-08-22
2018-08-22
2018-08-22
2018-08-22
2018-08-22
2018-08-22
2018-08-22
2018-08-22
2018-08-22
2018-08-22
2018-08-22
2018-08-22
2018-08-22
2018-08-22
2018-08-22
2018-08-22
2018-08-22
2018-08-22
2018-08-22
2018-08-22
2018-08-22
2018-08-22
2018-08-22
2018-08-22
2018-08-22
2018-08-22
2018-08-22
2018-08-22
2018-08-22
2018-08-22
2018-08-22
2018-08-22
2018-08-22
2018-08-22
2018-08-22
2018-08-22
2018-08-22
2018-08-22
2018-08-22
2018-08-22
2018-08-22
2018-08-22
2018-08-22
2018-08-22
2018-08-22
2018-08-22
2018-08-22
2018-08-22
2018-08-22
2018-08-22
2018-08-22
2018-08-22
2018-08-22
2018-08-22
2018-08-22
2018-08-22
2018-08-22
2018-08-22
2018-08-22
2018-08-22
2018-08-22
2018-08-22
2018-08-22
2018-08-22
2018-08-22
2018-08-22
2018-08-22
2018-08-22
2018-08-22
2018-08-22
2018-08-22
2018-08-22
2018-08-22
2018-08-22
2018-08-22
2018-08-22
2018-08-22
2018-08-22
2018-08-22
2018-08-22
2018-08-22
2018-08-22
2018-08-22
2018-08-22
2018-08-22
2018-08-22
2018-08-22
2018-08-22
2018-08-22
2018-08-22
2018-08-22
2018-08-22
2018-08-22
2018-08-22
2018-08-22
2018-08-22
2018-08-22
2018-08-22
2018-08-22
2018-08-22
2018-08-22
2018-08-22
2018-08-22
2018-08-22
2018-08-22
2018-08-22
2018-08-22
2018-08-22
2018-08-22
2018-08-22
2018-08-22
2018-08-22
2018-08-22
2018-08-22
2018-08-22
2018-08-22
2018-08-22
2018-08-22
2018-08-22
2018-08-22
2018-08-22
2018-08-22
2018-08-22
2018-08-22
2018-08-22
2018-08-22
2018-08-22
2018-08-22
2018-08-22
2018-08-22
2018-08-22
2018-08-22
2018-08-22
2018-08-22
2018-08-22
2018-08-22
2018-08-22
2018-08-22
2018-08-22
2018-08-22
2018-08-22
2018-08-22
2018-08-22
2018-08-22
2018-08-22
2018-08-22
2018-08-22
2018-08-22
2018-08-22
2018-08-22
2018-08-22
2018-08-22
2018-08-22
2018-08-22
2018-08-22
2018-08-22
2018-08-22
2018-08-22
2018-08-22
2018-08-22
2018-08-22
2018-08-22
2018-08-22
2018-08-22
2018-08-22
2018-08-22
2018-08-22
2018-08-22
2018-08-22
2018-08-22
2018-08-22
2018-08-22
2018-08-22
2018-08-22
2018-08-22
2018-08-22
2018-08-22
2018-08-22
2018-08-22
2018-08-22
2018-08-22
2018-08-22
2018-08-22
2018-08-22
2018-08-22
2018-08-22
2018-08-22
2018-08-22
2018-08-22
2018-08-22
2018-08-22
2018-08-22
2018-08-22
2018-08-22
2018-08-22
2018-08-22
2018-08-22
2018-08-22
2018-08-22
2018-08-22
2018-08-22
2018-08-22
2018-08-22
2018-08-22
2018-08-22
2018-08-22
2018-08-22
2018-08-22
2018-08-22
2018-08-22
2018-08-22
2018-08-22
2018-08-22
2018-08-22
2018-08-22
2018-08-22
2018-08-22
2018-08-22
2018-08-22
2018-08-22
2018-08-22
2018-08-22
2018-08-22
2018-08-22
2018-08-22
2018-08-22
2018-08-22
2018-08-22
2018-08-22
2018-08-22
2018-08-22
2018-08-22
2018-08-22
2018-08-22
2018-08-22
2018-08-22
2018-08-22
2018-08-22
2018-08-22
2018-08-22
2018-08-22
2018-08-22
2018-08-22
2018-08-22
2018-08-22
2018-08-22
2018-08-22
2018-08-22
2018-08-22
2018-08-22
2018-08-22
2018-08-22
2019-08-05
2019-08-05
2019-08-05
2019-08-05
2019-08-05
2019-08-05
2019-08-05
2019-08-05
2019-08-05
2019-08-05
2019-08-05
2019-08-05
2019-08-05
2019-08-05
2019-08-05
2019-08-05
2019-08-05
2019-08-05
2019-08-05
2019-08-05
2019-08-05
2019-08-05
2019-08-05
2019-08-05
2019-08-05
2019-08-05
2019-08-05
2019-08-05
2019-08-05
2019-08-05
2019-08-05
2019-08-05
2019-08-05
2019-08-05
2019-08-05
2019-08-05
2019-08-05
2019-08-05
2019-08-05
2019-08-05
2019-08-05
2019-08-05
2019-08-05
2019-08-05
2019-08-05
2019-08-05
2019-08-05
2019-08-05
2019-08-05
2019-08-05
2019-08-05
2019-08-05
2019-08-05
2019-08-05
2019-08-05
2019-08-05
2019-08-05
2019-08-05
2019-08-05
2019-08-05
2019-08-05
2019-08-05
2019-08-05
2019-08-05
2019-08-05
2019-08-05
2019-08-05
2019-08-05
2019-08-05
2019-08-05
2019-08-05
2019-08-05
2019-08-05
2019-08-05
2019-08-05
2019-08-05
2019-08-05
2019-08-05
2019-08-05
2019-08-05
2019-08-05
2019-08-05
2019-08-05
2019-08-05
2019-08-05
2019-08-05
2019-08-05
2019-08-05
2019-08-05
2019-08-05
2019-08-05
2019-08-05
2019-08-05
2019-08-05
2019-08-05
2019-08-05
2019-08-05
2019-08-05
2019-08-05
2019-08-05
2019-08-05
2019-08-05
2019-08-05
2019-08-05
2019-08-05
2019-08-05
2019-08-05
2019-08-05
2019-08-05
2019-08-05
2019-08-05
2019-08-05
2019-08-05
2019-08-05
2019-08-05
2019-08-05
2019-08-05
2019-08-05
2019-08-05
2019-08-05
2019-08-05
2019-08-05
2019-08-05
2019-08-05
2019-08-05
2019-08-05
2019-08-05
2019-08-05
2019-08-05
2019-08-05
2019-08-05
2019-08-05
2019-08-05
2019-08-05
2019-08-05
2019-08-05
2019-08-05
2019-08-05
2019-08-05
2019-08-05
2019-08-05
2019-08-05
2019-08-05
2019-08-05
2019-08-05
2019-08-05
2019-08-05
2019-08-05
2019-08-05
2019-08-05
2019-08-05
2019-08-05
2019-08-05
2019-08-05
2019-08-05
2019-08-05
2019-08-05
2019-08-05
2019-08-05
2019-08-05
2019-08-05
2019-08-05
2019-08-05
2019-08-05
2019-08-05
2019-08-05
2019-08-05
2019-08-05
2019-08-05
2019-08-05
2019-08-05
2019-08-05
2019-08-05
2019-08-05
2019-08-05
2019-08-05
2019-08-05
2019-08-05
2019-08-05
2019-08-05
2019-08-05
2019-08-05
2019-08-05
2019-08-05
2019-08-05
2019-08-05
2019-08-05
2019-08-05
2019-08-05
2019-08-05
2019-08-05
2019-08-05
2019-08-05
2019-08-05
2019-08-05
2019-08-05
2019-08-05
2019-08-05
2019-08-05
2019-08-05
2019-08-05
2019-08-05
2019-08-05
2019-08-05
2019-08-05
2019-08-05
2019-08-05
2019-08-05
2019-08-05
2019-08-05
2019-08-05
2019-08-05
2019-08-05
2019-08-05
2019-08-05
2019-08-05
2019-08-05
2019-08-05
2019-08-05
2019-08-05
2019-08-05
2019-08-05
2019-08-05
2019-08-05
2019-08-05
2019-08-05
2019-08-05
2019-08-05
2019-08-05
2019-08-05
2019-08-05
2019-08-05
2019-08-05
2019-08-05
2019-08-05
2019-08-05
2019-08-05
2019-08-05
2019-08-05
2019-08-05
2019-08-05
2019-08-05
2019-08-05
2019-08-05
2019-08-05
2019-08-05
2019-08-05
2019-08-05
2019-08-05
2019-08-05
2019-08-05
2019-08-05
2019-08-05
2019-08-05
2019-08-05
2019-08-05
2019-08-05
2019-08-05
2019-08-05
2019-08-05
2019-08-05
2019-08-05
2019-08-05
2019-08-05
2019-08-05
2019-08-05
2019-08-05
2019-08-05
2019-08-05
2019-08-05
2019-08-05
2019-08-05
2019-08-05
2019-08-05
2019-08-05
2019-08-05
2019-08-05
2019-08-05
2019-08-05
2019-08-05
2019-08-05
2019-08-05
2019-08-05
2019-08-05
2019-08-05
2019-08-05
2019-08-05
2019-08-05
2019-08-05
2019-08-05
2019-08-05
2019-08-05
2019-08-05
2019-08-05
2019-08-05
2019-08-05
2019-08-05
2019-08-05
2019-08-05
2019-08-05
2019-08-28
2019-08-28
2019-08-28
2019-08-28
2019-08-28
2019-08-28
2019-08-28
2019-08-28
2019-08-28
2019-08-28
2019-08-28
2019-08-28
2019-08-28
2019-08-28
2019-08-28
2019-08-28
2019-08-28
2019-08-28
2019-08-28
2019-08-28
2019-08-28
2019-08-28
2019-08-28
2019-08-28
2019-08-28
2019-08-28
2019-08-28
2019-08-28
2019-08-28
2019-08-28
2019-08-28
2019-08-28
2019-08-28
2019-08-28
2019-08-28
2019-08-28
2019-08-28
2019-08-28
2019-08-28
2019-08-28
2019-08-28
2019-08-28
2019-08-28
2019-08-28
2019-08-28
2019-08-28
2019-08-28
2019-08-28
2019-08-28
2019-08-28
2019-08-28
2019-08-28
2019-08-28
2019-08-28
2019-08-28
2019-08-28
2019-08-28
2019-08-28
2019-08-28
2019-08-28
2019-08-28
2019-08-28
2019-08-28
2019-08-28
2019-08-28
2019-08-28
2019-08-28
2019-08-28
2019-08-28
2019-08-28
2019-08-28
2019-08-28
2019-08-28
2019-08-28
2019-08-28
2019-08-28
2019-08-28
2019-08-28
2019-08-28
2019-08-28
2019-08-28
2019-08-28
2019-08-28
2019-08-28
2019-08-28
2019-08-28
2019-08-28
2019-08-28
2019-08-28
2019-08-28
2019-08-28
2019-08-28
2019-08-28
2019-08-28
2019-08-28
2019-08-28
2019-08-28
2019-08-28
2019-08-28
2019-08-28
2019-08-28
2019-08-28
2019-08-28
2019-08-28
2019-08-28
2019-08-28
2019-08-28
2019-08-28
2019-08-28
2019-08-28
2019-08-28
2019-08-28
2019-08-28
2019-08-28
2019-08-28
2019-08-28
2019-08-28
2019-08-28
2019-08-28
2019-08-28
2019-08-28
2019-08-28
2019-08-28
2019-08-28
2019-08-28
2019-08-28
2019-08-28
2019-08-28
2019-08-28
2019-08-28
2019-08-28
2019-08-28
2019-08-28
2019-08-28
2019-08-28
2019-08-28
2019-08-28
2019-08-28
2019-08-28
2019-08-28
2019-08-28
2019-08-28
2019-08-28
2019-08-28
2019-08-28
2019-08-28
2019-08-28
2019-08-28
2019-08-28
2019-08-28
2019-08-28
2019-08-28
2019-08-28
2019-08-28
2019-08-28
2019-08-28
2019-08-28
2019-08-28
2019-08-28
2019-08-28
2019-08-28
2019-08-28
2019-08-28
2019-08-28
2019-08-28
2019-08-28
2019-08-28
2019-08-28
2019-08-28
2019-08-28
2019-08-28
2019-08-28
2019-08-28
2019-08-28
2019-08-28
2019-08-28
2019-08-28
2019-08-28
2019-08-28
2019-08-28
2019-08-28
2019-08-28
2019-08-28
2019-08-28
2019-08-28
2019-08-28
2019-08-28
2019-08-28
2019-08-28
2019-08-28
2019-08-28
2019-08-28
2019-08-28
2019-08-28
2019-08-28
2019-08-28
2019-08-28
2019-08-28
2019-08-28
2019-08-28
2019-08-28
2019-08-28
2019-08-28
2019-08-28
2019-08-28
2019-08-28
2019-08-28
2019-08-28
2019-08-28
2019-08-28
2019-08-28
2019-08-28
2019-08-28
2019-08-28
2019-08-28
2019-08-28
2019-08-28
2019-08-28
2019-08-28
2019-08-28
2019-08-28
2019-08-28
2019-08-28
2019-08-28
2019-08-28
2019-08-28
2019-08-28
2019-08-28
2019-08-28
2019-08-28
2019-08-28
2019-08-28
2019-08-28
2019-08-28
2019-08-28
2019-08-28
2019-08-28
2019-08-28
2019-08-28
2019-08-28
2019-08-28
2019-08-28
2019-08-28
2019-08-28
2019-08-28
2019-08-28
2019-08-28
2019-08-28
2019-08-28
2019-08-28
2019-08-28
2019-08-28
2019-08-28
2019-08-28
2019-08-28
2019-08-28
2019-08-28
2019-08-28
2019-08-28
2019-08-28
2019-08-28
2019-08-28
2019-08-28
2019-08-28
2019-08-28
2019-08-28
2019-08-28
2019-08-28
2019-08-28
2019-08-28
2019-08-28
2019-08-28
2019-08-28
2019-08-28
2019-08-28
2019-08-28
2019-08-28
2019-08-28
2019-08-28
2019-08-28
2019-08-28
2019-08-28
2019-08-28
2019-08-28
2019-08-28
2019-08-28
2019-08-28
2019-08-28
2019-08-28
2019-08-28
2019-08-28
2019-08-28
2019-08-28
2019-08-28
2019-08-28
2019-08-28
2019-08-28
2019-08-28
2019-08-28
2019-08-28
2020-08-04
2020-08-04
2020-08-04
2020-08-04
2020-08-04
2020-08-04
2020-08-04
2020-08-04
2020-08-04
2020-08-04
2020-08-04
2020-08-04
2020-08-04
2020-08-04
2020-08-04
2020-08-04
2020-08-04
2020-08-04
2020-08-04
2020-08-04
2020-08-04
2020-08-04
2020-08-04
2020-08-04
2020-08-04
2020-08-04
2020-08-04
2020-08-04
2020-08-04
2020-08-04
2020-08-04
2020-08-04
2020-08-04
2020-08-04
2020-08-04
2020-08-04
2020-08-04
2020-08-04
2020-08-04
2020-08-04
2020-08-04
2020-08-04
2020-08-04
2020-08-04
2020-08-04
2020-08-04
2020-08-04
2020-08-04
2020-08-04
2020-08-04
2020-08-04
2020-08-04
2020-08-04
2020-08-04
2020-08-04
2020-08-04
2020-08-04
2020-08-04
2020-08-04
2020-08-04
2020-08-04
2020-08-04
2020-08-04
2020-08-04
2020-08-04
2020-08-04
2020-08-04
2020-08-04
2020-08-04
2020-08-04
2020-08-04
2020-08-04
2020-08-04
2020-08-04
2020-08-04
2020-08-04
2020-08-04
2020-08-04
2020-08-04
2020-08-04
2020-08-04
2020-08-04
2020-08-04
2020-08-04
2020-08-04
2020-08-04
2020-08-04
2020-08-04
2020-08-04
2020-08-04
2020-08-04
2020-08-04
2020-08-04
2020-08-04
2020-08-04
2020-08-04
2020-08-04
2020-08-04
2020-08-04
2020-08-04
2020-08-04
2020-08-04
2020-08-04
2020-08-04
2020-08-04
2020-08-04
2020-08-04
2020-08-04
2020-08-04
2020-08-04
2020-08-04
2020-08-04
2020-08-04
2020-08-04
2020-08-04
2020-08-04
2020-08-04
2020-08-04
2020-08-04
2020-08-04
2020-08-04
2020-08-04
2020-08-04
2020-08-04
2020-08-04
2020-08-04
2020-08-04
2020-08-04
2020-08-04
2020-08-04
2020-08-04
2020-08-04
2020-08-04
2020-08-04
2020-08-04
2020-08-04
2020-08-04
2020-08-04
2020-08-04
2020-08-04
2020-08-04
2020-08-04
2020-08-04
2020-08-04
2020-08-04
2020-08-04
2020-08-04
2020-08-04
2020-08-04
2020-08-04
2020-08-04
2020-08-04
2020-08-04
2020-08-04
2020-08-04
2020-08-04
2020-08-04
2020-08-04
2020-08-04
2020-08-04
2020-08-04
2020-08-04
2020-08-04
2020-08-04
2020-08-04
2020-08-04
2020-08-04
2020-08-04
2020-08-04
2020-08-04
2020-08-04
2020-08-04
2020-08-04
2020-08-04
2020-08-04
2020-08-04
2020-08-04
2020-08-04
2020-08-04
2020-08-04
2020-08-04
2020-08-04
2020-08-04
2020-08-04
2020-08-04
2020-08-04
2020-08-04
2020-08-04
2020-08-04
2020-08-04
2020-08-04
2020-08-04
2020-08-04
2020-08-04
2020-08-04
2020-08-04
2020-08-04
2020-08-04
2020-08-04
2020-08-04
2020-08-04
2020-08-04
2020-08-04
2020-08-04
2020-08-04
2020-08-04
2020-08-04
2020-08-04
2020-08-04
2020-08-04
2020-08-04
2020-08-04
2020-08-04
2020-08-04
2020-08-04
2020-08-04
2020-08-04
2020-08-04
2020-08-04
2020-08-04
2020-08-04
2020-08-04
2020-08-04
2020-08-04
2020-08-04
2020-08-04
2020-08-04
2020-08-04
2020-08-04
2020-08-04
2020-08-04
2020-08-04
2020-08-04
2020-08-04
2020-08-04
2020-08-04
2020-08-04
2020-08-04
2020-08-04
2020-08-04
2020-08-04
2020-08-04
2020-08-04
2020-08-04
2020-08-04
2020-08-04
2020-08-04
2020-08-04
2020-08-04
2020-08-04
2020-08-04
2020-08-04
2020-08-04
2020-08-04
2020-08-04
2020-08-04
2020-08-04
2020-08-04
2020-08-04
2020-08-04
2020-08-04
2020-08-04
2020-08-04
2020-08-04
2020-08-04
2020-08-04
2020-08-04
2020-08-04
2020-08-04
2020-08-04
2020-08-04
2020-08-04
2020-08-04
2020-08-04
2020-08-04
2020-08-04
2020-08-04
2020-08-04
2020-08-04
2020-08-04
2020-08-04
2020-08-04
2020-08-04
2020-08-04
2020-08-04
2020-08-04
2020-08-04
2020-08-04
2020-08-04
2020-08-04
2020-08-04
2020-08-04
2020-08-04
2020-08-04
2020-08-04
2020-08-04
2020-08-04
2020-08-04
2020-08-04
2020-08-04
2020-08-20
2020-08-20
2020-08-20
2020-08-20
2020-08-20
2020-08-20
2020-08-20
2020-08-20
2020-08-20
2020-08-20
2020-08-20
2020-08-20
2020-08-20
2020-08-20
2020-08-20
2020-08-20
2020-08-20
2020-08-20
2020-08-20
2020-08-20
2020-08-20
2020-08-20
2020-08-20
2020-08-20
2020-08-20
2020-08-20
2020-08-20
2020-08-20
2020-08-20
2020-08-20
2020-08-20
2020-08-20
2020-08-20
2020-08-20
2020-08-20
2020-08-20
2020-08-20
2020-08-20
2020-08-20
2020-08-20
2020-08-20
2020-08-20
2020-08-20
2020-08-20
2020-08-20
2020-08-20
2020-08-20
2020-08-20
2020-08-20
2020-08-20
2020-08-20
2020-08-20
2020-08-20
2020-08-20
2020-08-20
2020-08-20
2020-08-20
2020-08-20
2020-08-20
2020-08-20
2020-08-20
2020-08-20
2020-08-20
2020-08-20
2020-08-20
2020-08-20
2020-08-20
2020-08-20
2020-08-20
2020-08-20
2020-08-20
2020-08-20
2020-08-20
2020-08-20
2020-08-20
2020-08-20
2020-08-20
2020-08-20
2020-08-20
2020-08-20
2020-08-20
2020-08-20
2020-08-20
2020-08-20
2020-08-20
2020-08-20
2020-08-20
2020-08-20
2020-08-20
2020-08-20
2020-08-20
2020-08-20
2020-08-20
2020-08-20
2020-08-20
2020-08-20
2020-08-20
2020-08-20
2020-08-20
2020-08-20
2020-08-20
2020-08-20
2020-08-20
2020-08-20
2020-08-20
2020-08-20
2020-08-20
2020-08-20
2020-08-20
2020-08-20
2020-08-20
2020-08-20
2020-08-20
2020-08-20
2020-08-20
2020-08-20
2020-08-20
2020-08-20
2020-08-20
2020-08-20
2020-08-20
2020-08-20
2020-08-20
2020-08-20
2020-08-20
2020-08-20
2020-08-20
2020-08-20
2020-08-20
2020-08-20
2020-08-20
2020-08-20
2020-08-20
2020-08-20
2020-08-20
2020-08-20
2020-08-20
2020-08-20
2020-08-20
2020-08-20
2020-08-20
2020-08-20
2020-08-20
2020-08-20
2020-08-20
2020-08-20
2020-08-20
2020-08-20
2020-08-20
2020-08-20
2020-08-20
2020-08-20
2020-08-20
2020-08-20
2020-08-20
2020-08-20
2020-08-20
2020-08-20
2020-08-20
2020-08-20
2020-08-20
2020-08-20
2020-08-20
2020-08-20
2020-08-20
2020-08-20
2020-08-20
2020-08-20
2020-08-20
2020-08-20
2020-08-20
2020-08-20
2020-08-20
2020-08-20
2020-08-20
2020-08-20
2020-08-20
2020-08-20
2020-08-20
2020-08-20
2020-08-20
2020-08-20
2020-08-20
2020-08-20
2020-08-20
2020-08-20
2020-08-20
2020-08-20
2020-08-20
2020-08-20
2020-08-20
2020-08-20
2020-08-20
2020-08-20
2020-08-20
2020-08-20
2020-08-20
2020-08-20
2020-08-20
2020-08-20
2020-08-20
2020-08-20
2020-08-20
2020-08-20
2020-08-20
2020-08-20
2020-08-20
2020-08-20
2020-08-20
2020-08-20
2020-08-20
2020-08-20
2020-08-20
2020-08-20
2020-08-20
2020-08-20
2020-08-20
2020-08-20
2020-08-20
2020-08-20
2020-08-20
2020-08-20
2020-08-20
2020-08-20
2020-08-20
2020-08-20
2020-08-20
2020-08-20
2020-08-20
2020-08-20
2020-08-20
2020-08-20
2020-08-20
2020-08-20
2020-08-20
2020-08-20
2020-08-20
2020-08-20
2020-08-20
2020-08-20
2020-08-20
2020-08-20
2020-08-20
2020-08-20
2020-08-20
2020-08-20
2020-08-20
2020-08-20
2020-08-20
2020-08-20
2020-08-20
2020-08-20
2020-08-20
2020-08-20
2020-08-20
2020-08-20
2020-08-20
2020-08-20
2020-08-20
2020-08-20
2020-08-20
2020-08-20
2020-08-20
2020-08-20
2020-08-20
2020-08-20
2020-08-20
2020-08-20
2020-08-20
2020-08-20
2020-08-20
2020-08-20
2020-08-20
2020-08-20
2020-08-20
2020-08-20
2020-08-20
2020-08-20
2020-08-20
2020-08-20
2020-08-20
2020-08-20
2020-08-20
2020-08-20
2020-08-20
2020-08-20
2020-08-20
2020-08-20
2020-08-20
2020-08-20
2020-08-20
2020-08-20
2020-08-20
2020-08-20
2020-08-20
2020-08-20
2020-08-20
2020-08-20
2020-08-20
2020-08-20
2017-09-04
2017-09-04
2017-09-04
2017-09-04
2017-09-04
2017-09-04
2017-09-04
2017-09-04
2017-09-04
2017-09-04
2017-09-04
2017-09-04
2017-09-04
2017-09-04
2017-09-04
2017-09-04
2017-09-04
2017-09-04
2017-09-04
2017-09-04
2017-09-04
2017-09-04
2017-09-04
2017-09-04
2017-09-04
2017-09-04
2017-09-04
2017-09-04
2017-09-04
2017-09-04
2017-09-04
2017-09-04
2017-09-04
2017-09-04
2017-09-04
2017-09-04
2017-09-04
2017-09-04
2017-09-04
2017-09-04
2017-09-04
2017-09-04
2017-09-04
2017-09-04
2017-09-04
2017-09-04
2017-09-04
2017-09-04
2017-09-04
2017-09-04
2017-09-04
2017-09-04
2017-09-04
2017-09-04
2017-09-04
2017-09-04
2017-09-04
2017-09-04
2017-09-04
2017-09-04
2017-09-04
2017-09-04
2017-09-04
2017-09-04
2017-09-04
2017-09-04
2017-09-04
2017-09-04
2017-09-04
2017-09-04
2017-09-04
2017-09-04
2017-09-04
2017-09-04
2017-09-04
2017-09-04
2017-09-04
2017-09-04
2017-09-04
2017-09-04
2017-09-04
2017-09-04
2017-09-04
2017-09-04
2017-09-04
2017-09-04
2017-09-04
2017-09-04
2017-09-04
2017-09-04
2017-09-04
2017-09-04
2017-09-04
2017-09-04
2017-09-04
2017-09-04
2017-09-04
2017-09-04
2017-09-04
2017-09-04
2017-09-04
2017-09-04
2017-09-04
2017-09-04
2017-09-04
2017-09-04
2017-09-04
2017-09-04
2017-09-04
2017-09-04
2017-09-04
2017-09-04
2017-09-04
2017-09-04
2017-09-04
2017-09-04
2017-09-04
2017-09-04
2017-09-04
2017-09-04
2017-09-04
2017-09-04
2017-09-04
2017-09-04
2017-09-04
2017-09-04
2017-09-04
2017-09-04
2017-09-04
2017-09-04
2017-09-04
2017-09-04
2017-09-04
2017-09-04
2017-09-04
2017-09-04
2017-09-04
2017-09-04
2017-09-04
2017-09-04
2017-09-04
2017-09-04
2017-09-04
2017-09-04
2017-09-04
2017-09-04
2017-09-04
2017-09-04
2017-09-04
2017-09-04
2017-09-04
2017-09-04
2017-09-04
2017-09-04
2017-09-04
2017-09-04
2017-09-04
2017-09-04
2017-09-04
2017-09-04
2017-09-04
2017-09-04
2017-09-04
2017-09-04
2017-09-04
2017-09-04
2017-09-04
2017-09-04
2017-09-04
2017-09-04
2017-09-04
2017-09-04
2017-09-04
2017-09-04
2017-09-04
2017-09-04
2017-09-04
2017-09-04
2017-09-04
2017-09-04
2017-09-04
2017-09-04
2017-09-04
2017-09-04
2017-09-04
2017-09-04
2017-09-04
2017-09-04
2017-09-04
2017-09-04
2017-09-04
2017-09-04
2017-09-04
2017-09-04
2017-09-04
2017-09-04
2017-09-04
2017-09-04
2017-09-04
2017-09-04
2017-09-04
2017-09-04
2017-09-04
2017-09-04
2017-09-04
2017-09-04
2017-09-04
2017-09-04
2017-09-04
2017-09-04
2017-09-04
2017-09-04
2017-09-04
2017-09-04
2017-09-04
2017-09-04
2017-09-04
2017-09-04
2017-09-04
2017-09-04
2017-09-04
2017-09-04
2017-09-04
2017-09-04
2017-09-04
2017-09-04
2017-09-04
2017-09-04
2017-09-04
2017-09-04
2017-09-04
2017-09-04
2017-09-04
2017-09-04
2017-09-04
2017-09-04
2017-09-04
2017-09-04
2017-09-04
2017-09-04
2017-09-04
2017-09-04
2017-09-04
2017-09-04
2017-09-04
2017-09-04
2017-09-04
2017-09-04
2017-09-04
2017-09-04
2017-09-04
2017-09-04
2017-09-04
2017-09-04
2017-09-04
2017-09-04
2017-09-04
2017-09-04
2017-09-04
2017-09-04
2017-09-04
2017-09-04
2017-09-04
2017-09-04
2017-09-04
2017-09-04
2017-09-04
2017-09-04
2017-09-04
2017-09-04
2017-09-04
2017-09-04
2017-09-04
2017-09-04
2017-09-04
2017-09-04
2017-09-04
2017-09-04
2017-09-04
2017-09-04
2017-09-04
2017-09-04
2017-09-04
2017-09-04
2017-09-04
2017-09-04
2017-09-04
2017-09-04
2017-09-04
2017-09-04
2017-09-04
2017-09-04
2017-09-04
2017-09-04
2017-09-04
2017-09-04
2017-09-04
2017-09-04
2017-09-04
2017-09-04
2017-09-25
2017-09-25
2017-09-25
2017-09-25
2017-09-25
2017-09-25
2017-09-25
2017-09-25
2017-09-25
2017-09-25
2017-09-25
2017-09-25
2017-09-25
2017-09-25
2017-09-25
2017-09-25
2017-09-25
2017-09-25
2017-09-25
2017-09-25
2017-09-25
2017-09-25
2017-09-25
2017-09-25
2017-09-25
2017-09-25
2017-09-25
2017-09-25
2017-09-25
2017-09-25
2017-09-25
2017-09-25
2017-09-25
2017-09-25
2017-09-25
2017-09-25
2017-09-25
2017-09-25
2017-09-25
2017-09-25
2017-09-25
2017-09-25
2017-09-25
2017-09-25
2017-09-25
2017-09-25
2017-09-25
2017-09-25
2017-09-25
2017-09-25
2017-09-25
2017-09-25
2017-09-25
2017-09-25
2017-09-25
2017-09-25
2017-09-25
2017-09-25
2017-09-25
2017-09-25
2017-09-25
2017-09-25
2017-09-25
2017-09-25
2017-09-25
2017-09-25
2017-09-25
2017-09-25
2017-09-25
2017-09-25
2017-09-25
2017-09-25
2017-09-25
2017-09-25
2017-09-25
2017-09-25
2017-09-25
2017-09-25
2017-09-25
2017-09-25
2017-09-25
2017-09-25
2017-09-25
2017-09-25
2017-09-25
2017-09-25
2017-09-25
2017-09-25
2017-09-25
2017-09-25
2017-09-25
2017-09-25
2017-09-25
2017-09-25
2017-09-25
2017-09-25
2017-09-25
2017-09-25
2017-09-25
2017-09-25
2017-09-25
2017-09-25
2017-09-25
2017-09-25
2017-09-25
2017-09-25
2017-09-25
2017-09-25
2017-09-25
2017-09-25
2017-09-25
2017-09-25
2017-09-25
2017-09-25
2017-09-25
2017-09-25
2017-09-25
2017-09-25
2017-09-25
2017-09-25
2017-09-25
2017-09-25
2017-09-25
2017-09-25
2017-09-25
2017-09-25
2017-09-25
2017-09-25
2017-09-25
2017-09-25
2017-09-25
2017-09-25
2017-09-25
2017-09-25
2017-09-25
2017-09-25
2017-09-25
2017-09-25
2017-09-25
2017-09-25
2017-09-25
2017-09-25
2017-09-25
2017-09-25
2017-09-25
2017-09-25
2017-09-25
2017-09-25
2017-09-25
2017-09-25
2017-09-25
2017-09-25
2017-09-25
2017-09-25
2017-09-25
2017-09-25
2017-09-25
2017-09-25
2017-09-25
2017-09-25
2017-09-25
2017-09-25
2017-09-25
2017-09-25
2017-09-25
2017-09-25
2017-09-25
2017-09-25
2017-09-25
2017-09-25
2017-09-25
2017-09-25
2017-09-25
2017-09-25
2017-09-25
2017-09-25
2017-09-25
2017-09-25
2017-09-25
2017-09-25
2017-09-25
2017-09-25
2017-09-25
2017-09-25
2017-09-25
2017-09-25
2017-09-25
2017-09-25
2017-09-25
2017-09-25
2017-09-25
2017-09-25
2017-09-25
2017-09-25
2017-09-25
2017-09-25
2017-09-25
2017-09-25
2017-09-25
2017-09-25
2017-09-25
2017-09-25
2017-09-25
2017-09-25
2017-09-25
2017-09-25
2017-09-25
2017-09-25
2017-09-25
2017-09-25
2017-09-25
2017-09-25
2017-09-25
2017-09-25
2017-09-25
2017-09-25
2017-09-25
2017-09-25
2017-09-25
2017-09-25
2017-09-25
2017-09-25
2017-09-25
2017-09-25
2017-09-25
2017-09-25
2017-09-25
2017-09-25
2017-09-25
2017-09-25
2017-09-25
2017-09-25
2017-09-25
2017-09-25
2017-09-25
2017-09-25
2017-09-25
2017-09-25
2017-09-25
2017-09-25
2017-09-25
2017-09-25
2017-09-25
2017-09-25
2017-09-25
2017-09-25
2017-09-25
2017-09-25
2017-09-25
2017-09-25
2017-09-25
2017-09-25
2017-09-25
2017-09-25
2017-09-25
2017-09-25
2017-09-25
2017-09-25
2017-09-25
2017-09-25
2017-09-25
2017-09-25
2017-09-25
2017-09-25
2017-09-25
2017-09-25
2017-09-25
2017-09-25
2017-09-25
2017-09-25
2017-09-25
2017-09-25
2017-09-25
2017-09-25
2017-09-25
2017-09-25
2017-09-25
2017-09-25
2017-09-25
2017-09-25
2017-09-25
2017-09-25
2017-09-25
2017-09-25
2017-09-25
2017-09-25
2017-09-25
2017-09-25
2017-09-25
2017-09-25
2017-09-25
2017-09-25
2017-09-25
2017-09-25
2017-09-25
2017-09-25
2017-09-25
2017-09-25
2017-09-25
2017-09-25
2018-09-12
2018-09-12
2018-09-12
2018-09-12
2018-09-12
2018-09-12
2018-09-12
2018-09-12
2018-09-12
2018-09-12
2018-09-12
2018-09-12
2018-09-12
2018-09-12
2018-09-12
2018-09-12
2018-09-12
2018-09-12
2018-09-12
2018-09-12
2018-09-12
2018-09-12
2018-09-12
2018-09-12
2018-09-12
2018-09-12
2018-09-12
2018-09-12
2018-09-12
2018-09-12
2018-09-12
2018-09-12
2018-09-12
2018-09-12
2018-09-12
2018-09-12
2018-09-12
2018-09-12
2018-09-12
2018-09-12
2018-09-12
2018-09-12
2018-09-12
2018-09-12
2018-09-12
2018-09-12
2018-09-12
2018-09-12
2018-09-12
2018-09-12
2018-09-12
2018-09-12
2018-09-12
2018-09-12
2018-09-12
2018-09-12
2018-09-12
2018-09-12
2018-09-12
2018-09-12
2018-09-12
2018-09-12
2018-09-12
2018-09-12
2018-09-12
2018-09-12
2018-09-12
2018-09-12
2018-09-12
2018-09-12
2018-09-12
2018-09-12
2018-09-12
2018-09-12
2018-09-12
2018-09-12
2018-09-12
2018-09-12
2018-09-12
2018-09-12
2018-09-12
2018-09-12
2018-09-12
2018-09-12
2018-09-12
2018-09-12
2018-09-12
2018-09-12
2018-09-12
2018-09-12
2018-09-12
2018-09-12
2018-09-12
2018-09-12
2018-09-12
2018-09-12
2018-09-12
2018-09-12
2018-09-12
2018-09-12
2018-09-12
2018-09-12
2018-09-12
2018-09-12
2018-09-12
2018-09-12
2018-09-12
2018-09-12
2018-09-12
2018-09-12
2018-09-12
2018-09-12
2018-09-12
2018-09-12
2018-09-12
2018-09-12
2018-09-12
2018-09-12
2018-09-12
2018-09-12
2018-09-12
2018-09-12
2018-09-12
2018-09-12
2018-09-12
2018-09-12
2018-09-12
2018-09-12
2018-09-12
2018-09-12
2018-09-12
2018-09-12
2018-09-12
2018-09-12
2018-09-12
2018-09-12
2018-09-12
2018-09-12
2018-09-12
2018-09-12
2018-09-12
2018-09-12
2018-09-12
2018-09-12
2018-09-12
2018-09-12
2018-09-12
2018-09-12
2018-09-12
2018-09-12
2018-09-12
2018-09-12
2018-09-12
2018-09-12
2018-09-12
2018-09-12
2018-09-12
2018-09-12
2018-09-12
2018-09-12
2018-09-12
2018-09-12
2018-09-12
2018-09-12
2018-09-12
2018-09-12
2018-09-12
2018-09-12
2018-09-12
2018-09-12
2018-09-12
2018-09-12
2018-09-12
2018-09-12
2018-09-12
2018-09-12
2018-09-12
2018-09-12
2018-09-12
2018-09-12
2018-09-12
2018-09-12
2018-09-12
2018-09-12
2018-09-12
2018-09-12
2018-09-12
2018-09-12
2018-09-12
2018-09-12
2018-09-12
2018-09-12
2018-09-12
2018-09-12
2018-09-12
2018-09-12
2018-09-12
2018-09-12
2018-09-12
2018-09-12
2018-09-12
2018-09-12
2018-09-12
2018-09-12
2018-09-12
2018-09-12
2018-09-12
2018-09-12
2018-09-12
2018-09-12
2018-09-12
2018-09-12
2018-09-12
2018-09-12
2018-09-12
2018-09-12
2018-09-12
2018-09-12
2018-09-12
2018-09-12
2018-09-12
2018-09-12
2018-09-12
2018-09-12
2018-09-12
2018-09-12
2018-09-12
2018-09-12
2018-09-12
2018-09-12
2018-09-12
2018-09-12
2018-09-12
2018-09-12
2018-09-12
2018-09-12
2018-09-12
2018-09-12
2018-09-12
2018-09-12
2018-09-12
2018-09-12
2018-09-12
2018-09-12
2018-09-12
2018-09-12
2018-09-12
2018-09-12
2018-09-12
2018-09-12
2018-09-12
2018-09-12
2018-09-12
2018-09-12
2018-09-12
2018-09-12
2018-09-12
2018-09-12
2018-09-12
2018-09-12
2018-09-12
2018-09-12
2018-09-12
2018-09-12
2018-09-12
2018-09-12
2018-09-12
2018-09-12
2018-09-12
2018-09-12
2018-09-12
2018-09-12
2018-09-12
2018-09-12
2018-09-12
2018-09-12
2018-09-12
2018-09-12
2018-09-12
2018-09-12
2018-09-12
2018-09-12
2018-09-12
2018-09-12
2018-09-12
2018-09-12
2018-09-12
2018-09-12
2018-09-12
2018-09-12
2018-09-12
2018-09-12
2018-09-12
2018-09-12
2018-09-12
2018-09-12
2018-09-12
2018-09-12
2018-09-12
2018-09-12
2018-09-26
2018-09-26
2018-09-26
2018-09-26
2018-09-26
2018-09-26
2018-09-26
2018-09-26
2018-09-26
2018-09-26
2018-09-26
2018-09-26
2018-09-26
2018-09-26
2018-09-26
2018-09-26
2018-09-26
2018-09-26
2018-09-26
2018-09-26
2018-09-26
2018-09-26
2018-09-26
2018-09-26
2018-09-26
2018-09-26
2018-09-26
2018-09-26
2018-09-26
2018-09-26
2018-09-26
2018-09-26
2018-09-26
2018-09-26
2018-09-26
2018-09-26
2018-09-26
2018-09-26
2018-09-26
2018-09-26
2018-09-26
2018-09-26
2018-09-26
2018-09-26
2018-09-26
2018-09-26
2018-09-26
2018-09-26
2018-09-26
2018-09-26
2018-09-26
2018-09-26
2018-09-26
2018-09-26
2018-09-26
2018-09-26
2018-09-26
2018-09-26
2018-09-26
2018-09-26
2018-09-26
2018-09-26
2018-09-26
2018-09-26
2018-09-26
2018-09-26
2018-09-26
2018-09-26
2018-09-26
2018-09-26
2018-09-26
2018-09-26
2018-09-26
2018-09-26
2018-09-26
2018-09-26
2018-09-26
2018-09-26
2018-09-26
2018-09-26
2018-09-26
2018-09-26
2018-09-26
2018-09-26
2018-09-26
2018-09-26
2018-09-26
2018-09-26
2018-09-26
2018-09-26
2018-09-26
2018-09-26
2018-09-26
2018-09-26
2018-09-26
2018-09-26
2018-09-26
2018-09-26
2018-09-26
2018-09-26
2018-09-26
2018-09-26
2018-09-26
2018-09-26
2018-09-26
2018-09-26
2018-09-26
2018-09-26
2018-09-26
2018-09-26
2018-09-26
2018-09-26
2018-09-26
2018-09-26
2018-09-26
2018-09-26
2018-09-26
2018-09-26
2018-09-26
2018-09-26
2018-09-26
2018-09-26
2018-09-26
2018-09-26
2018-09-26
2018-09-26
2018-09-26
2018-09-26
2018-09-26
2018-09-26
2018-09-26
2018-09-26
2018-09-26
2018-09-26
2018-09-26
2018-09-26
2018-09-26
2018-09-26
2018-09-26
2018-09-26
2018-09-26
2018-09-26
2018-09-26
2018-09-26
2018-09-26
2018-09-26
2018-09-26
2018-09-26
2018-09-26
2018-09-26
2018-09-26
2018-09-26
2018-09-26
2018-09-26
2018-09-26
2018-09-26
2018-09-26
2018-09-26
2018-09-26
2018-09-26
2018-09-26
2018-09-26
2018-09-26
2018-09-26
2018-09-26
2018-09-26
2018-09-26
2018-09-26
2018-09-26
2018-09-26
2018-09-26
2018-09-26
2018-09-26
2018-09-26
2018-09-26
2018-09-26
2018-09-26
2018-09-26
2018-09-26
2018-09-26
2018-09-26
2018-09-26
2018-09-26
2018-09-26
2018-09-26
2018-09-26
2018-09-26
2018-09-26
2018-09-26
2018-09-26
2018-09-26
2018-09-26
2018-09-26
2018-09-26
2018-09-26
2018-09-26
2018-09-26
2018-09-26
2018-09-26
2018-09-26
2018-09-26
2018-09-26
2018-09-26
2018-09-26
2018-09-26
2018-09-26
2018-09-26
2018-09-26
2018-09-26
2018-09-26
2018-09-26
2018-09-26
2018-09-26
2018-09-26
2018-09-26
2018-09-26
2018-09-26
2018-09-26
2018-09-26
2018-09-26
2018-09-26
2018-09-26
2018-09-26
2018-09-26
2018-09-26
2018-09-26
2018-09-26
2018-09-26
2018-09-26
2018-09-26
2018-09-26
2018-09-26
2018-09-26
2018-09-26
2018-09-26
2018-09-26
2018-09-26
2018-09-26
2018-09-26
2018-09-26
2018-09-26
2018-09-26
2018-09-26
2018-09-26
2018-09-26
2018-09-26
2018-09-26
2018-09-26
2018-09-26
2018-09-26
2018-09-26
2018-09-26
2018-09-26
2018-09-26
2018-09-26
2018-09-26
2018-09-26
2018-09-26
2018-09-26
2018-09-26
2018-09-26
2018-09-26
2018-09-26
2018-09-26
2018-09-26
2018-09-26
2018-09-26
2018-09-26
2018-09-26
2018-09-26
2018-09-26
2018-09-26
2018-09-26
2018-09-26
2018-09-26
2018-09-26
2018-09-26
2018-09-26
2018-09-26
2018-09-26
2018-09-26
2018-09-26
2018-09-26
2018-09-26
2018-09-26
2018-09-26
2018-09-26
2018-09-26
2018-09-26
2018-09-26
2018-09-26
2018-09-26
2018-09-26
2018-09-26
2018-09-26
2018-09-26
2018-09-26
2018-09-26
2018-09-26
2018-09-26
2019-09-11
2019-09-11
2019-09-11
2019-09-11
2019-09-11
2019-09-11
2019-09-11
2019-09-11
2019-09-11
2019-09-11
2019-09-11
2019-09-11
2019-09-11
2019-09-11
2019-09-11
2019-09-11
2019-09-11
2019-09-11
2019-09-11
2019-09-11
2019-09-11
2019-09-11
2019-09-11
2019-09-11
2019-09-11
2019-09-11
2019-09-11
2019-09-11
2019-09-11
2019-09-11
2019-09-11
2019-09-11
2019-09-11
2019-09-11
2019-09-11
2019-09-11
2019-09-11
2019-09-11
2019-09-11
2019-09-11
2019-09-11
2019-09-11
2019-09-11
2019-09-11
2019-09-11
2019-09-11
2019-09-11
2019-09-11
2019-09-11
2019-09-11
2019-09-11
2019-09-11
2019-09-11
2019-09-11
2019-09-11
2019-09-11
2019-09-11
2019-09-11
2019-09-11
2019-09-11
2019-09-11
2019-09-11
2019-09-11
2019-09-11
2019-09-11
2019-09-11
2019-09-11
2019-09-11
2019-09-11
2019-09-11
2019-09-11
2019-09-11
2019-09-11
2019-09-11
2019-09-11
2019-09-11
2019-09-11
2019-09-11
2019-09-11
2019-09-11
2019-09-11
2019-09-11
2019-09-11
2019-09-11
2019-09-11
2019-09-11
2019-09-11
2019-09-11
2019-09-11
2019-09-11
2019-09-11
2019-09-11
2019-09-11
2019-09-11
2019-09-11
2019-09-11
2019-09-11
2019-09-11
2019-09-11
2019-09-11
2019-09-11
2019-09-11
2019-09-11
2019-09-11
2019-09-11
2019-09-11
2019-09-11
2019-09-11
2019-09-11
2019-09-11
2019-09-11
2019-09-11
2019-09-11
2019-09-11
2019-09-11
2019-09-11
2019-09-11
2019-09-11
2019-09-11
2019-09-11
2019-09-11
2019-09-11
2019-09-11
2019-09-11
2019-09-11
2019-09-11
2019-09-11
2019-09-11
2019-09-11
2019-09-11
2019-09-11
2019-09-11
2019-09-11
2019-09-11
2019-09-11
2019-09-11
2019-09-11
2019-09-11
2019-09-11
2019-09-11
2019-09-11
2019-09-11
2019-09-11
2019-09-11
2019-09-11
2019-09-11
2019-09-11
2019-09-11
2019-09-11
2019-09-11
2019-09-11
2019-09-11
2019-09-11
2019-09-11
2019-09-11
2019-09-11
2019-09-11
2019-09-11
2019-09-11
2019-09-11
2019-09-11
2019-09-11
2019-09-11
2019-09-11
2019-09-11
2019-09-11
2019-09-11
2019-09-11
2019-09-11
2019-09-11
2019-09-11
2019-09-11
2019-09-11
2019-09-11
2019-09-11
2019-09-11
2019-09-11
2019-09-11
2019-09-11
2019-09-11
2019-09-11
2019-09-11
2019-09-11
2019-09-11
2019-09-11
2019-09-11
2019-09-11
2019-09-11
2019-09-11
2019-09-11
2019-09-11
2019-09-11
2019-09-11
2019-09-11
2019-09-11
2019-09-11
2019-09-11
2019-09-11
2019-09-11
2019-09-11
2019-09-11
2019-09-11
2019-09-11
2019-09-11
2019-09-11
2019-09-11
2019-09-11
2019-09-11
2019-09-11
2019-09-11
2019-09-11
2019-09-11
2019-09-11
2019-09-11
2019-09-11
2019-09-11
2019-09-11
2019-09-11
2019-09-11
2019-09-11
2019-09-11
2019-09-11
2019-09-11
2019-09-11
2019-09-11
2019-09-11
2019-09-11
2019-09-11
2019-09-11
2019-09-11
2019-09-11
2019-09-11
2019-09-11
2019-09-11
2019-09-11
2019-09-11
2019-09-11
2019-09-11
2019-09-11
2019-09-11
2019-09-11
2019-09-11
2019-09-11
2019-09-11
2019-09-11
2019-09-11
2019-09-11
2019-09-11
2019-09-11
2019-09-11
2019-09-11
2019-09-11
2019-09-11
2019-09-11
2019-09-11
2019-09-11
2019-09-11
2019-09-11
2019-09-11
2019-09-11
2019-09-11
2019-09-11
2019-09-11
2019-09-11
2019-09-11
2019-09-11
2019-09-11
2019-09-11
2019-09-11
2019-09-11
2019-09-11
2019-09-11
2019-09-11
2019-09-11
2019-09-11
2019-09-11
2019-09-11
2019-09-11
2019-09-11
2019-09-11
2019-09-11
2019-09-11
2019-09-11
2019-09-11
2019-09-11
2019-09-11
2019-09-11
2019-09-11
2019-09-11
2019-09-11
2019-09-11
2019-09-11
2019-09-11
2019-09-11
2019-09-11
2019-09-11
2019-09-11
2019-09-11
2019-09-11
2019-09-11
2019-09-24
2019-09-24
2019-09-24
2019-09-24
2019-09-24
2019-09-24
2019-09-24
2019-09-24
2019-09-24
2019-09-24
2019-09-24
2019-09-24
2019-09-24
2019-09-24
2019-09-24
2019-09-24
2019-09-24
2019-09-24
2019-09-24
2019-09-24
2019-09-24
2019-09-24
2019-09-24
2019-09-24
2019-09-24
2019-09-24
2019-09-24
2019-09-24
2019-09-24
2019-09-24
2019-09-24
2019-09-24
2019-09-24
2019-09-24
2019-09-24
2019-09-24
2019-09-24
2019-09-24
2019-09-24
2019-09-24
2019-09-24
2019-09-24
2019-09-24
2019-09-24
2019-09-24
2019-09-24
2019-09-24
2019-09-24
2019-09-24
2019-09-24
2019-09-24
2019-09-24
2019-09-24
2019-09-24
2019-09-24
2019-09-24
2019-09-24
2019-09-24
2019-09-24
2019-09-24
2019-09-24
2019-09-24
2019-09-24
2019-09-24
2019-09-24
2019-09-24
2019-09-24
2019-09-24
2019-09-24
2019-09-24
2019-09-24
2019-09-24
2019-09-24
2019-09-24
2019-09-24
2019-09-24
2019-09-24
2019-09-24
2019-09-24
2019-09-24
2019-09-24
2019-09-24
2019-09-24
2019-09-24
2019-09-24
2019-09-24
2019-09-24
2019-09-24
2019-09-24
2019-09-24
2019-09-24
2019-09-24
2019-09-24
2019-09-24
2019-09-24
2019-09-24
2019-09-24
2019-09-24
2019-09-24
2019-09-24
2019-09-24
2019-09-24
2019-09-24
2019-09-24
2019-09-24
2019-09-24
2019-09-24
2019-09-24
2019-09-24
2019-09-24
2019-09-24
2019-09-24
2019-09-24
2019-09-24
2019-09-24
2019-09-24
2019-09-24
2019-09-24
2019-09-24
2019-09-24
2019-09-24
2019-09-24
2019-09-24
2019-09-24
2019-09-24
2019-09-24
2019-09-24
2019-09-24
2019-09-24
2019-09-24
2019-09-24
2019-09-24
2019-09-24
2019-09-24
2019-09-24
2019-09-24
2019-09-24
2019-09-24
2019-09-24
2019-09-24
2019-09-24
2019-09-24
2019-09-24
2019-09-24
2019-09-24
2019-09-24
2019-09-24
2019-09-24
2019-09-24
2019-09-24
2019-09-24
2019-09-24
2019-09-24
2019-09-24
2019-09-24
2019-09-24
2019-09-24
2019-09-24
2019-09-24
2019-09-24
2019-09-24
2019-09-24
2019-09-24
2019-09-24
2019-09-24
2019-09-24
2019-09-24
2019-09-24
2019-09-24
2019-09-24
2019-09-24
2019-09-24
2019-09-24
2019-09-24
2019-09-24
2019-09-24
2019-09-24
2019-09-24
2019-09-24
2019-09-24
2019-09-24
2019-09-24
2019-09-24
2019-09-24
2019-09-24
2019-09-24
2019-09-24
2019-09-24
2019-09-24
2019-09-24
2019-09-24
2019-09-24
2019-09-24
2019-09-24
2019-09-24
2019-09-24
2019-09-24
2019-09-24
2019-09-24
2019-09-24
2019-09-24
2019-09-24
2019-09-24
2019-09-24
2019-09-24
2019-09-24
2019-09-24
2019-09-24
2019-09-24
2019-09-24
2019-09-24
2019-09-24
2019-09-24
2019-09-24
2019-09-24
2019-09-24
2019-09-24
2019-09-24
2019-09-24
2019-09-24
2019-09-24
2019-09-24
2019-09-24
2019-09-24
2019-09-24
2019-09-24
2019-09-24
2019-09-24
2019-09-24
2019-09-24
2019-09-24
2019-09-24
2019-09-24
2019-09-24
2019-09-24
2019-09-24
2019-09-24
2019-09-24
2019-09-24
2019-09-24
2019-09-24
2019-09-24
2019-09-24
2019-09-24
2019-09-24
2019-09-24
2019-09-24
2019-09-24
2019-09-24
2019-09-24
2019-09-24
2019-09-24
2019-09-24
2019-09-24
2019-09-24
2019-09-24
2019-09-24
2019-09-24
2019-09-24
2019-09-24
2019-09-24
2019-09-24
2019-09-24
2019-09-24
2019-09-24
2019-09-24
2019-09-24
2019-09-24
2019-09-24
2019-09-24
2019-09-24
2019-09-24
2019-09-24
2019-09-24
2019-09-24
2019-09-24
2019-09-24
2019-09-24
2019-09-24
2019-09-24
2019-09-24
2019-09-24
2019-09-24
2019-09-24
2019-09-24
2019-09-24
2019-09-24
2019-09-24
2019-09-24
2019-09-24
2019-09-24
2019-09-24
2019-09-24
2019-09-24
2019-09-24
2019-09-24
2019-09-24
2019-09-24
2019-09-24
2019-09-24
2020-09-09
2020-09-09
2020-09-09
2020-09-09
2020-09-09
2020-09-09
2020-09-09
2020-09-09
2020-09-09
2020-09-09
2020-09-09
2020-09-09
2020-09-09
2020-09-09
2020-09-09
2020-09-09
2020-09-09
2020-09-09
2020-09-09
2020-09-09
2020-09-09
2020-09-09
2020-09-09
2020-09-09
2020-09-09
2020-09-09
2020-09-09
2020-09-09
2020-09-09
2020-09-09
2020-09-09
2020-09-09
2020-09-09
2020-09-09
2020-09-09
2020-09-09
2020-09-09
2020-09-09
2020-09-09
2020-09-09
2020-09-09
2020-09-09
2020-09-09
2020-09-09
2020-09-09
2020-09-09
2020-09-09
2020-09-09
2020-09-09
2020-09-09
2020-09-09
2020-09-09
2020-09-09
2020-09-09
2020-09-09
2020-09-09
2020-09-09
2020-09-09
2020-09-09
2020-09-09
2020-09-09
2020-09-09
2020-09-09
2020-09-09
2020-09-09
2020-09-09
2020-09-09
2020-09-09
2020-09-09
2020-09-09
2020-09-09
2020-09-09
2020-09-09
2020-09-09
2020-09-09
2020-09-09
2020-09-09
2020-09-09
2020-09-09
2020-09-09
2020-09-09
2020-09-09
2020-09-09
2020-09-09
2020-09-09
2020-09-09
2020-09-09
2020-09-09
2020-09-09
2020-09-09
2020-09-09
2020-09-09
2020-09-09
2020-09-09
2020-09-09
2020-09-09
2020-09-09
2020-09-09
2020-09-09
2020-09-09
2020-09-09
2020-09-09
2020-09-09
2020-09-09
2020-09-09
2020-09-09
2020-09-09
2020-09-09
2020-09-09
2020-09-09
2020-09-09
2020-09-09
2020-09-09
2020-09-09
2020-09-09
2020-09-09
2020-09-09
2020-09-09
2020-09-09
2020-09-09
2020-09-09
2020-09-09
2020-09-09
2020-09-09
2020-09-09
2020-09-09
2020-09-09
2020-09-09
2020-09-09
2020-09-09
2020-09-09
2020-09-09
2020-09-09
2020-09-09
2020-09-09
2020-09-09
2020-09-09
2020-09-09
2020-09-09
2020-09-09
2020-09-09
2020-09-09
2020-09-09
2020-09-09
2020-09-09
2020-09-09
2020-09-09
2020-09-09
2020-09-09
2020-09-09
2020-09-09
2020-09-09
2020-09-09
2020-09-09
2020-09-09
2020-09-09
2020-09-09
2020-09-09
2020-09-09
2020-09-09
2020-09-09
2020-09-09
2020-09-09
2020-09-09
2020-09-09
2020-09-09
2020-09-09
2020-09-09
2020-09-09
2020-09-09
2020-09-09
2020-09-09
2020-09-09
2020-09-09
2020-09-09
2020-09-09
2020-09-09
2020-09-09
2020-09-09
2020-09-09
2020-09-09
2020-09-09
2020-09-09
2020-09-09
2020-09-09
2020-09-09
2020-09-09
2020-09-09
2020-09-09
2020-09-09
2020-09-09
2020-09-09
2020-09-09
2020-09-09
2020-09-09
2020-09-09
2020-09-09
2020-09-09
2020-09-09
2020-09-09
2020-09-09
2020-09-09
2020-09-09
2020-09-09
2020-09-09
2020-09-09
2020-09-09
2020-09-09
2020-09-09
2020-09-09
2020-09-09
2020-09-09
2020-09-09
2020-09-09
2020-09-09
2020-09-09
2020-09-09
2020-09-09
2020-09-09
2020-09-09
2020-09-09
2020-09-09
2020-09-09
2020-09-09
2020-09-09
2020-09-09
2020-09-09
2020-09-09
2020-09-09
2020-09-09
2020-09-09
2020-09-09
2020-09-09
2020-09-09
2020-09-09
2020-09-09
2020-09-09
2020-09-09
2020-09-09
2020-09-09
2020-09-09
2020-09-09
2020-09-09
2020-09-09
2020-09-09
2020-09-09
2020-09-09
2020-09-09
2020-09-09
2020-09-09
2020-09-09
2020-09-09
2020-09-09
2020-09-09
2020-09-09
2020-09-09
2020-09-09
2020-09-09
2020-09-09
2020-09-09
2020-09-09
2020-09-09
2020-09-09
2020-09-09
2020-09-09
2020-09-09
2020-09-09
2020-09-09
2020-09-09
2020-09-09
2020-09-09
2020-09-09
2020-09-09
2020-09-09
2020-09-09
2020-09-09
2020-09-09
2020-09-09
2020-09-09
2020-09-09
2020-09-09
2020-09-09
2020-09-09
2020-09-09
2020-09-09
2020-09-09
2020-09-09
2020-09-09
2020-09-09
2020-09-09
2020-09-09
2020-09-09
2020-09-09
2020-09-09
2020-09-09
2020-09-09
2020-09-09
2020-09-09
2020-09-09
2020-09-09
2020-09-23
2020-09-23
2020-09-23
2020-09-23
2020-09-23
2020-09-23
2020-09-23
2020-09-23
2020-09-23
2020-09-23
2020-09-23
2020-09-23
2020-09-23
2020-09-23
2020-09-23
2020-09-23
2020-09-23
2020-09-23
2020-09-23
2020-09-23
2020-09-23
2020-09-23
2020-09-23
2020-09-23
2020-09-23
2020-09-23
2020-09-23
2020-09-23
2020-09-23
2020-09-23
2020-09-23
2020-09-23
2020-09-23
2020-09-23
2020-09-23
2020-09-23
2020-09-23
2020-09-23
2020-09-23
2020-09-23
2020-09-23
2020-09-23
2020-09-23
2020-09-23
2020-09-23
2020-09-23
2020-09-23
2020-09-23
2020-09-23
2020-09-23
2020-09-23
2020-09-23
2020-09-23
2020-09-23
2020-09-23
2020-09-23
2020-09-23
2020-09-23
2020-09-23
2020-09-23
2020-09-23
2020-09-23
2020-09-23
2020-09-23
2020-09-23
2020-09-23
2020-09-23
2020-09-23
2020-09-23
2020-09-23
2020-09-23
2020-09-23
2020-09-23
2020-09-23
2020-09-23
2020-09-23
2020-09-23
2020-09-23
2020-09-23
2020-09-23
2020-09-23
2020-09-23
2020-09-23
2020-09-23
2020-09-23
2020-09-23
2020-09-23
2020-09-23
2020-09-23
2020-09-23
2020-09-23
2020-09-23
2020-09-23
2020-09-23
2020-09-23
2020-09-23
2020-09-23
2020-09-23
2020-09-23
2020-09-23
2020-09-23
2020-09-23
2020-09-23
2020-09-23
2020-09-23
2020-09-23
2020-09-23
2020-09-23
2020-09-23
2020-09-23
2020-09-23
2020-09-23
2020-09-23
2020-09-23
2020-09-23
2020-09-23
2020-09-23
2020-09-23
2020-09-23
2020-09-23
2020-09-23
2020-09-23
2020-09-23
2020-09-23
2020-09-23
2020-09-23
2020-09-23
2020-09-23
2020-09-23
2020-09-23
2020-09-23
2020-09-23
2020-09-23
2020-09-23
2020-09-23
2020-09-23
2020-09-23
2020-09-23
2020-09-23
2020-09-23
2020-09-23
2020-09-23
2020-09-23
2020-09-23
2020-09-23
2020-09-23
2020-09-23
2020-09-23
2020-09-23
2020-09-23
2020-09-23
2020-09-23
2020-09-23
2020-09-23
2020-09-23
2020-09-23
2020-09-23
2020-09-23
2020-09-23
2020-09-23
2020-09-23
2020-09-23
2020-09-23
2020-09-23
2020-09-23
2020-09-23
2020-09-23
2020-09-23
2020-09-23
2020-09-23
2020-09-23
2020-09-23
2020-09-23
2020-09-23
2020-09-23
2020-09-23
2020-09-23
2020-09-23
2020-09-23
2020-09-23
2020-09-23
2020-09-23
2020-09-23
2020-09-23
2020-09-23
2020-09-23
2020-09-23
2020-09-23
2020-09-23
2020-09-23
2020-09-23
2020-09-23
2020-09-23
2020-09-23
2020-09-23
2020-09-23
2020-09-23
2020-09-23
2020-09-23
2020-09-23
2020-09-23
2020-09-23
2020-09-23
2020-09-23
2020-09-23
2020-09-23
2020-09-23
2020-09-23
2020-09-23
2020-09-23
2020-09-23
2020-09-23
2020-09-23
2020-09-23
2020-09-23
2020-09-23
2020-09-23
2020-09-23
2020-09-23
2020-09-23
2020-09-23
2020-09-23
2020-09-23
2020-09-23
2020-09-23
2020-09-23
2020-09-23
2020-09-23
2020-09-23
2020-09-23
2020-09-23
2020-09-23
2020-09-23
2020-09-23
2020-09-23
2020-09-23
2020-09-23
2020-09-23
2020-09-23
2020-09-23
2020-09-23
2020-09-23
2020-09-23
2020-09-23
2020-09-23
2020-09-23
2020-09-23
2020-09-23
2020-09-23
2020-09-23
2020-09-23
2020-09-23
2020-09-23
2020-09-23
2020-09-23
2020-09-23
2020-09-23
2020-09-23
2020-09-23
2020-09-23
2020-09-23
2020-09-23
2020-09-23
2020-09-23
2020-09-23
2020-09-23
2020-09-23
2020-09-23
2020-09-23
2020-09-23
2020-09-23
2020-09-23
2020-09-23
2020-09-23
2020-09-23
2020-09-23
2020-09-23
2020-09-23
2020-09-23
2020-09-23
2020-09-23
2020-09-23
2020-09-23
2020-09-23
2020-09-23
2020-09-23
2020-09-23
2020-09-23
2020-09-23
2020-09-23
2020-09-23
2020-09-23
2020-09-23
2020-09-23
2020-09-23
2020-09-23
2020-09-23
2020-09-23
2020-09-23
2020-09-23
2016-10-17
2016-10-17
2016-10-17
2016-10-17
2016-10-17
2016-10-17
2016-10-17
2016-10-17
2016-10-17
2016-10-17
2016-10-17
2016-10-17
2016-10-17
2016-10-17
2016-10-17
2016-10-17
2016-10-17
2016-10-17
2016-10-17
2016-10-17
2016-10-17
2016-10-17
2016-10-17
2016-10-17
2016-10-17
2016-10-17
2016-10-17
2016-10-17
2016-10-17
2016-10-17
2016-10-17
2016-10-17
2016-10-17
2016-10-17
2016-10-17
2016-10-17
2016-10-17
2016-10-17
2016-10-17
2016-10-17
2016-10-17
2016-10-17
2016-10-17
2016-10-17
2016-10-17
2016-10-17
2016-10-17
2016-10-17
2016-10-17
2016-10-17
2016-10-17
2016-10-17
2016-10-17
2016-10-17
2016-10-17
2016-10-17
2016-10-17
2016-10-17
2016-10-17
2016-10-17
2016-10-17
2016-10-17
2016-10-17
2016-10-17
2016-10-17
2016-10-17
2016-10-17
2016-10-17
2016-10-17
2016-10-17
2016-10-17
2016-10-17
2016-10-17
2016-10-17
2016-10-17
2016-10-17
2016-10-17
2016-10-17
2016-10-17
2016-10-17
2016-10-17
2016-10-17
2016-10-17
2016-10-17
2016-10-17
2016-10-17
2016-10-17
2016-10-17
2016-10-17
2016-10-17
2016-10-17
2016-10-17
2016-10-17
2016-10-17
2016-10-17
2016-10-17
2016-10-17
2016-10-17
2016-10-17
2016-10-17
2016-10-17
2016-10-17
2016-10-17
2016-10-17
2016-10-17
2016-10-17
2016-10-17
2016-10-17
2016-10-17
2016-10-17
2016-10-17
2016-10-17
2016-10-17
2016-10-17
2016-10-17
2016-10-17
2016-10-17
2016-10-17
2016-10-17
2016-10-17
2016-10-17
2016-10-17
2016-10-17
2016-10-17
2016-10-17
2016-10-17
2016-10-17
2016-10-17
2016-10-17
2016-10-17
2016-10-17
2016-10-17
2016-10-17
2016-10-17
2016-10-17
2016-10-17
2016-10-17
2016-10-17
2016-10-17
2016-10-17
2016-10-17
2016-10-17
2016-10-17
2016-10-17
2016-10-17
2016-10-17
2016-10-17
2016-10-17
2016-10-17
2016-10-17
2016-10-17
2016-10-17
2016-10-17
2016-10-17
2016-10-17
2016-10-17
2016-10-17
2016-10-17
2016-10-17
2016-10-17
2016-10-17
2016-10-17
2016-10-17
2016-10-17
2016-10-17
2016-10-17
2016-10-17
2016-10-17
2016-10-17
2016-10-17
2016-10-17
2016-10-17
2016-10-17
2016-10-17
2016-10-17
2016-10-17
2016-10-17
2016-10-17
2016-10-17
2016-10-17
2016-10-17
2016-10-17
2016-10-17
2016-10-17
2016-10-17
2016-10-17
2016-10-17
2016-10-17
2016-10-17
2016-10-17
2016-10-17
2016-10-17
2016-10-17
2016-10-17
2016-10-17
2016-10-17
2016-10-17
2016-10-17
2016-10-17
2016-10-17
2016-10-17
2016-10-17
2016-10-17
2016-10-17
2016-10-17
2016-10-17
2016-10-17
2016-10-17
2016-10-17
2016-10-17
2016-10-17
2016-10-17
2016-10-17
2016-10-17
2016-10-17
2016-10-17
2016-10-17
2016-10-17
2016-10-17
2016-10-17
2016-10-17
2016-10-17
2016-10-17
2016-10-17
2016-10-17
2016-10-17
2016-10-17
2016-10-17
2016-10-17
2016-10-17
2016-10-17
2016-10-17
2016-10-17
2016-10-17
2016-10-17
2016-10-17
2016-10-17
2016-10-17
2016-10-17
2016-10-17
2016-10-17
2016-10-17
2016-10-17
2016-10-17
2016-10-17
2016-10-17
2016-10-17
2016-10-17
2016-10-17
2016-10-17
2016-10-17
2016-10-17
2016-10-17
2016-10-17
2016-10-17
2016-10-17
2016-10-17
2016-10-17
2016-10-17
2016-10-17
2016-10-17
2016-10-17
2016-10-17
2016-10-17
2016-10-17
2016-10-17
2016-10-17
2016-10-17
2016-10-17
2016-10-17
2016-10-17
2016-10-17
2016-10-17
2016-10-17
2016-10-17
2016-10-17
2016-10-17
2016-10-17
2016-10-17
2016-10-17
2016-10-17
2016-10-17
2016-10-17
2016-10-17
2016-10-17
2016-10-17
2016-10-17
2016-10-17
2016-10-17
2016-10-17
2016-10-17
2016-10-17
2016-10-17
2016-10-17
2016-10-17
2016-10-17
2016-10-17
2016-10-17
2016-10-17
2016-10-17
2017-10-09
2017-10-09
2017-10-09
2017-10-09
2017-10-09
2017-10-09
2017-10-09
2017-10-09
2017-10-09
2017-10-09
2017-10-09
2017-10-09
2017-10-09
2017-10-09
2017-10-09
2017-10-09
2017-10-09
2017-10-09
2017-10-09
2017-10-09
2017-10-09
2017-10-09
2017-10-09
2017-10-09
2017-10-09
2017-10-09
2017-10-09
2017-10-09
2017-10-09
2017-10-09
2017-10-09
2017-10-09
2017-10-09
2017-10-09
2017-10-09
2017-10-09
2017-10-09
2017-10-09
2017-10-09
2017-10-09
2017-10-09
2017-10-09
2017-10-09
2017-10-09
2017-10-09
2017-10-09
2017-10-09
2017-10-09
2017-10-09
2017-10-09
2017-10-09
2017-10-09
2017-10-09
2017-10-09
2017-10-09
2017-10-09
2017-10-09
2017-10-09
2017-10-09
2017-10-09
2017-10-09
2017-10-09
2017-10-09
2017-10-09
2017-10-09
2017-10-09
2017-10-09
2017-10-09
2017-10-09
2017-10-09
2017-10-09
2017-10-09
2017-10-09
2017-10-09
2017-10-09
2017-10-09
2017-10-09
2017-10-09
2017-10-09
2017-10-09
2017-10-09
2017-10-09
2017-10-09
2017-10-09
2017-10-09
2017-10-09
2017-10-09
2017-10-09
2017-10-09
2017-10-09
2017-10-09
2017-10-09
2017-10-09
2017-10-09
2017-10-09
2017-10-09
2017-10-09
2017-10-09
2017-10-09
2017-10-09
2017-10-09
2017-10-09
2017-10-09
2017-10-09
2017-10-09
2017-10-09
2017-10-09
2017-10-09
2017-10-09
2017-10-09
2017-10-09
2017-10-09
2017-10-09
2017-10-09
2017-10-09
2017-10-09
2017-10-09
2017-10-09
2017-10-09
2017-10-09
2017-10-09
2017-10-09
2017-10-09
2017-10-09
2017-10-09
2017-10-09
2017-10-09
2017-10-09
2017-10-09
2017-10-09
2017-10-09
2017-10-09
2017-10-09
2017-10-09
2017-10-09
2017-10-09
2017-10-09
2017-10-09
2017-10-09
2017-10-09
2017-10-09
2017-10-09
2017-10-09
2017-10-09
2017-10-09
2017-10-09
2017-10-09
2017-10-09
2017-10-09
2017-10-09
2017-10-09
2017-10-09
2017-10-09
2017-10-09
2017-10-09
2017-10-09
2017-10-09
2017-10-09
2017-10-09
2017-10-09
2017-10-09
2017-10-09
2017-10-09
2017-10-09
2017-10-09
2017-10-09
2017-10-09
2017-10-09
2017-10-09
2017-10-09
2017-10-09
2017-10-09
2017-10-09
2017-10-09
2017-10-09
2017-10-09
2017-10-09
2017-10-09
2017-10-09
2017-10-09
2017-10-09
2017-10-09
2017-10-09
2017-10-09
2017-10-09
2017-10-09
2017-10-09
2017-10-09
2017-10-09
2017-10-09
2017-10-09
2017-10-09
2017-10-09
2017-10-09
2017-10-09
2017-10-09
2017-10-09
2017-10-09
2017-10-09
2017-10-09
2017-10-09
2017-10-09
2017-10-09
2017-10-09
2017-10-09
2017-10-09
2017-10-09
2017-10-09
2017-10-09
2017-10-09
2017-10-09
2017-10-09
2017-10-09
2017-10-09
2017-10-09
2017-10-09
2017-10-09
2017-10-09
2017-10-09
2017-10-09
2017-10-09
2017-10-09
2017-10-09
2017-10-09
2017-10-09
2017-10-09
2017-10-09
2017-10-09
2017-10-09
2017-10-09
2017-10-09
2017-10-09
2017-10-09
2017-10-09
2017-10-09
2017-10-09
2017-10-09
2017-10-09
2017-10-09
2017-10-09
2017-10-09
2017-10-09
2017-10-09
2017-10-09
2017-10-09
2017-10-09
2017-10-09
2017-10-09
2017-10-09
2017-10-09
2017-10-09
2017-10-09
2017-10-09
2017-10-09
2017-10-09
2017-10-09
2017-10-09
2017-10-09
2017-10-09
2017-10-09
2017-10-09
2017-10-09
2017-10-09
2017-10-09
2017-10-09
2017-10-09
2017-10-09
2017-10-09
2017-10-09
2017-10-09
2017-10-09
2017-10-09
2017-10-09
2017-10-09
2017-10-09
2017-10-09
2017-10-09
2017-10-09
2017-10-09
2017-10-09
2017-10-09
2017-10-09
2017-10-09
2017-10-09
2017-10-09
2017-10-09
2017-10-09
2017-10-09
2017-10-09
2017-10-09
2017-10-09
2017-10-09
2017-10-09
2017-10-09
2017-10-09
2017-10-09
2017-10-09
2017-10-09
2017-10-09
2017-10-09
2017-10-24
2017-10-24
2017-10-24
2017-10-24
2017-10-24
2017-10-24
2017-10-24
2017-10-24
2017-10-24
2017-10-24
2017-10-24
2017-10-24
2017-10-24
2017-10-24
2017-10-24
2017-10-24
2017-10-24
2017-10-24
2017-10-24
2017-10-24
2017-10-24
2017-10-24
2017-10-24
2017-10-24
2017-10-24
2017-10-24
2017-10-24
2017-10-24
2017-10-24
2017-10-24
2017-10-24
2017-10-24
2017-10-24
2017-10-24
2017-10-24
2017-10-24
2017-10-24
2017-10-24
2017-10-24
2017-10-24
2017-10-24
2017-10-24
2017-10-24
2017-10-24
2017-10-24
2017-10-24
2017-10-24
2017-10-24
2017-10-24
2017-10-24
2017-10-24
2017-10-24
2017-10-24
2017-10-24
2017-10-24
2017-10-24
2017-10-24
2017-10-24
2017-10-24
2017-10-24
2017-10-24
2017-10-24
2017-10-24
2017-10-24
2017-10-24
2017-10-24
2017-10-24
2017-10-24
2017-10-24
2017-10-24
2017-10-24
2017-10-24
2017-10-24
2017-10-24
2017-10-24
2017-10-24
2017-10-24
2017-10-24
2017-10-24
2017-10-24
2017-10-24
2017-10-24
2017-10-24
2017-10-24
2017-10-24
2017-10-24
2017-10-24
2017-10-24
2017-10-24
2017-10-24
2017-10-24
2017-10-24
2017-10-24
2017-10-24
2017-10-24
2017-10-24
2017-10-24
2017-10-24
2017-10-24
2017-10-24
2017-10-24
2017-10-24
2017-10-24
2017-10-24
2017-10-24
2017-10-24
2017-10-24
2017-10-24
2017-10-24
2017-10-24
2017-10-24
2017-10-24
2017-10-24
2017-10-24
2017-10-24
2017-10-24
2017-10-24
2017-10-24
2017-10-24
2017-10-24
2017-10-24
2017-10-24
2017-10-24
2017-10-24
2017-10-24
2017-10-24
2017-10-24
2017-10-24
2017-10-24
2017-10-24
2017-10-24
2017-10-24
2017-10-24
2017-10-24
2017-10-24
2017-10-24
2017-10-24
2017-10-24
2017-10-24
2017-10-24
2017-10-24
2017-10-24
2017-10-24
2017-10-24
2017-10-24
2017-10-24
2017-10-24
2017-10-24
2017-10-24
2017-10-24
2017-10-24
2017-10-24
2017-10-24
2017-10-24
2017-10-24
2017-10-24
2017-10-24
2017-10-24
2017-10-24
2017-10-24
2017-10-24
2017-10-24
2017-10-24
2017-10-24
2017-10-24
2017-10-24
2017-10-24
2017-10-24
2017-10-24
2017-10-24
2017-10-24
2017-10-24
2017-10-24
2017-10-24
2017-10-24
2017-10-24
2017-10-24
2017-10-24
2017-10-24
2017-10-24
2017-10-24
2017-10-24
2017-10-24
2017-10-24
2017-10-24
2017-10-24
2017-10-24
2017-10-24
2017-10-24
2017-10-24
2017-10-24
2017-10-24
2017-10-24
2017-10-24
2017-10-24
2017-10-24
2017-10-24
2017-10-24
2017-10-24
2017-10-24
2017-10-24
2017-10-24
2017-10-24
2017-10-24
2017-10-24
2017-10-24
2017-10-24
2017-10-24
2017-10-24
2017-10-24
2017-10-24
2017-10-24
2017-10-24
2017-10-24
2017-10-24
2017-10-24
2017-10-24
2017-10-24
2017-10-24
2017-10-24
2017-10-24
2017-10-24
2017-10-24
2017-10-24
2017-10-24
2017-10-24
2017-10-24
2017-10-24
2017-10-24
2017-10-24
2017-10-24
2017-10-24
2017-10-24
2017-10-24
2017-10-24
2017-10-24
2017-10-24
2017-10-24
2017-10-24
2017-10-24
2017-10-24
2017-10-24
2017-10-24
2017-10-24
2017-10-24
2017-10-24
2017-10-24
2017-10-24
2017-10-24
2017-10-24
2017-10-24
2017-10-24
2017-10-24
2017-10-24
2017-10-24
2017-10-24
2017-10-24
2017-10-24
2017-10-24
2017-10-24
2017-10-24
2017-10-24
2017-10-24
2017-10-24
2017-10-24
2017-10-24
2017-10-24
2017-10-24
2017-10-24
2017-10-24
2017-10-24
2017-10-24
2017-10-24
2017-10-24
2017-10-24
2017-10-24
2017-10-24
2017-10-24
2017-10-24
2017-10-24
2017-10-24
2017-10-24
2017-10-24
2017-10-24
2017-10-24
2017-10-24
2017-10-24
2017-10-24
2017-10-24
2017-10-24
2017-10-24
2017-10-24
2017-10-24
2017-10-24
2017-10-24
2017-10-24
2017-10-24
2017-10-24
2017-10-24
2017-10-24
2018-10-09
2018-10-09
2018-10-09
2018-10-09
2018-10-09
2018-10-09
2018-10-09
2018-10-09
2018-10-09
2018-10-09
2018-10-09
2018-10-09
2018-10-09
2018-10-09
2018-10-09
2018-10-09
2018-10-09
2018-10-09
2018-10-09
2018-10-09
2018-10-09
2018-10-09
2018-10-09
2018-10-09
2018-10-09
2018-10-09
2018-10-09
2018-10-09
2018-10-09
2018-10-09
2018-10-09
2018-10-09
2018-10-09
2018-10-09
2018-10-09
2018-10-09
2018-10-09
2018-10-09
2018-10-09
2018-10-09
2018-10-09
2018-10-09
2018-10-09
2018-10-09
2018-10-09
2018-10-09
2018-10-09
2018-10-09
2018-10-09
2018-10-09
2018-10-09
2018-10-09
2018-10-09
2018-10-09
2018-10-09
2018-10-09
2018-10-09
2018-10-09
2018-10-09
2018-10-09
2018-10-09
2018-10-09
2018-10-09
2018-10-09
2018-10-09
2018-10-09
2018-10-09
2018-10-09
2018-10-09
2018-10-09
2018-10-09
2018-10-09
2018-10-09
2018-10-09
2018-10-09
2018-10-09
2018-10-09
2018-10-09
2018-10-09
2018-10-09
2018-10-09
2018-10-09
2018-10-09
2018-10-09
2018-10-09
2018-10-09
2018-10-09
2018-10-09
2018-10-09
2018-10-09
2018-10-09
2018-10-09
2018-10-09
2018-10-09
2018-10-09
2018-10-09
2018-10-09
2018-10-09
2018-10-09
2018-10-09
2018-10-09
2018-10-09
2018-10-09
2018-10-09
2018-10-09
2018-10-09
2018-10-09
2018-10-09
2018-10-09
2018-10-09
2018-10-09
2018-10-09
2018-10-09
2018-10-09
2018-10-09
2018-10-09
2018-10-09
2018-10-09
2018-10-09
2018-10-09
2018-10-09
2018-10-09
2018-10-09
2018-10-09
2018-10-09
2018-10-09
2018-10-09
2018-10-09
2018-10-09
2018-10-09
2018-10-09
2018-10-09
2018-10-09
2018-10-09
2018-10-09
2018-10-09
2018-10-09
2018-10-09
2018-10-09
2018-10-09
2018-10-09
2018-10-09
2018-10-09
2018-10-09
2018-10-09
2018-10-09
2018-10-09
2018-10-09
2018-10-09
2018-10-09
2018-10-09
2018-10-09
2018-10-09
2018-10-09
2018-10-09
2018-10-09
2018-10-09
2018-10-09
2018-10-09
2018-10-09
2018-10-09
2018-10-09
2018-10-09
2018-10-09
2018-10-09
2018-10-09
2018-10-09
2018-10-09
2018-10-09
2018-10-09
2018-10-09
2018-10-09
2018-10-09
2018-10-09
2018-10-09
2018-10-09
2018-10-09
2018-10-09
2018-10-09
2018-10-09
2018-10-09
2018-10-09
2018-10-09
2018-10-09
2018-10-09
2018-10-09
2018-10-09
2018-10-09
2018-10-09
2018-10-09
2018-10-09
2018-10-09
2018-10-09
2018-10-09
2018-10-09
2018-10-09
2018-10-09
2018-10-09
2018-10-09
2018-10-09
2018-10-09
2018-10-09
2018-10-09
2018-10-09
2018-10-09
2018-10-09
2018-10-09
2018-10-09
2018-10-09
2018-10-09
2018-10-09
2018-10-09
2018-10-09
2018-10-09
2018-10-09
2018-10-09
2018-10-09
2018-10-09
2018-10-09
2018-10-09
2018-10-09
2018-10-09
2018-10-09
2018-10-09
2018-10-09
2018-10-09
2018-10-09
2018-10-09
2018-10-09
2018-10-09
2018-10-09
2018-10-09
2018-10-09
2018-10-09
2018-10-09
2018-10-09
2018-10-09
2018-10-09
2018-10-09
2018-10-09
2018-10-09
2018-10-09
2018-10-09
2018-10-09
2018-10-09
2018-10-09
2018-10-09
2018-10-09
2018-10-09
2018-10-09
2018-10-09
2018-10-09
2018-10-09
2018-10-09
2018-10-09
2018-10-09
2018-10-09
2018-10-09
2018-10-09
2018-10-09
2018-10-09
2018-10-09
2018-10-09
2018-10-09
2018-10-09
2018-10-09
2018-10-09
2018-10-09
2018-10-09
2018-10-09
2018-10-09
2018-10-09
2018-10-09
2018-10-09
2018-10-09
2018-10-09
2018-10-09
2018-10-09
2018-10-09
2018-10-09
2018-10-09
2018-10-09
2018-10-09
2018-10-09
2018-10-09
2018-10-09
2018-10-09
2018-10-09
2018-10-09
2018-10-09
2018-10-09
2018-10-09
2018-10-09
2018-10-09
2018-10-09
2018-10-09
2018-10-09
2018-10-09
2018-10-09
2018-10-09
2018-10-24
2018-10-24
2018-10-24
2018-10-24
2018-10-24
2018-10-24
2018-10-24
2018-10-24
2018-10-24
2018-10-24
2018-10-24
2018-10-24
2018-10-24
2018-10-24
2018-10-24
2018-10-24
2018-10-24
2018-10-24
2018-10-24
2018-10-24
2018-10-24
2018-10-24
2018-10-24
2018-10-24
2018-10-24
2018-10-24
2018-10-24
2018-10-24
2018-10-24
2018-10-24
2018-10-24
2018-10-24
2018-10-24
2018-10-24
2018-10-24
2018-10-24
2018-10-24
2018-10-24
2018-10-24
2018-10-24
2018-10-24
2018-10-24
2018-10-24
2018-10-24
2018-10-24
2018-10-24
2018-10-24
2018-10-24
2018-10-24
2018-10-24
2018-10-24
2018-10-24
2018-10-24
2018-10-24
2018-10-24
2018-10-24
2018-10-24
2018-10-24
2018-10-24
2018-10-24
2018-10-24
2018-10-24
2018-10-24
2018-10-24
2018-10-24
2018-10-24
2018-10-24
2018-10-24
2018-10-24
2018-10-24
2018-10-24
2018-10-24
2018-10-24
2018-10-24
2018-10-24
2018-10-24
2018-10-24
2018-10-24
2018-10-24
2018-10-24
2018-10-24
2018-10-24
2018-10-24
2018-10-24
2018-10-24
2018-10-24
2018-10-24
2018-10-24
2018-10-24
2018-10-24
2018-10-24
2018-10-24
2018-10-24
2018-10-24
2018-10-24
2018-10-24
2018-10-24
2018-10-24
2018-10-24
2018-10-24
2018-10-24
2018-10-24
2018-10-24
2018-10-24
2018-10-24
2018-10-24
2018-10-24
2018-10-24
2018-10-24
2018-10-24
2018-10-24
2018-10-24
2018-10-24
2018-10-24
2018-10-24
2018-10-24
2018-10-24
2018-10-24
2018-10-24
2018-10-24
2018-10-24
2018-10-24
2018-10-24
2018-10-24
2018-10-24
2018-10-24
2018-10-24
2018-10-24
2018-10-24
2018-10-24
2018-10-24
2018-10-24
2018-10-24
2018-10-24
2018-10-24
2018-10-24
2018-10-24
2018-10-24
2018-10-24
2018-10-24
2018-10-24
2018-10-24
2018-10-24
2018-10-24
2018-10-24
2018-10-24
2018-10-24
2018-10-24
2018-10-24
2018-10-24
2018-10-24
2018-10-24
2018-10-24
2018-10-24
2018-10-24
2018-10-24
2018-10-24
2018-10-24
2018-10-24
2018-10-24
2018-10-24
2018-10-24
2018-10-24
2018-10-24
2018-10-24
2018-10-24
2018-10-24
2018-10-24
2018-10-24
2018-10-24
2018-10-24
2018-10-24
2018-10-24
2018-10-24
2018-10-24
2018-10-24
2018-10-24
2018-10-24
2018-10-24
2018-10-24
2018-10-24
2018-10-24
2018-10-24
2018-10-24
2018-10-24
2018-10-24
2018-10-24
2018-10-24
2018-10-24
2018-10-24
2018-10-24
2018-10-24
2018-10-24
2018-10-24
2018-10-24
2018-10-24
2018-10-24
2018-10-24
2018-10-24
2018-10-24
2018-10-24
2018-10-24
2018-10-24
2018-10-24
2018-10-24
2018-10-24
2018-10-24
2018-10-24
2018-10-24
2018-10-24
2018-10-24
2018-10-24
2018-10-24
2018-10-24
2018-10-24
2018-10-24
2018-10-24
2018-10-24
2018-10-24
2018-10-24
2018-10-24
2018-10-24
2018-10-24
2018-10-24
2018-10-24
2018-10-24
2018-10-24
2018-10-24
2018-10-24
2018-10-24
2018-10-24
2018-10-24
2018-10-24
2018-10-24
2018-10-24
2018-10-24
2018-10-24
2018-10-24
2018-10-24
2018-10-24
2018-10-24
2018-10-24
2018-10-24
2018-10-24
2018-10-24
2018-10-24
2018-10-24
2018-10-24
2018-10-24
2018-10-24
2018-10-24
2018-10-24
2018-10-24
2018-10-24
2018-10-24
2018-10-24
2018-10-24
2018-10-24
2018-10-24
2018-10-24
2018-10-24
2018-10-24
2018-10-24
2018-10-24
2018-10-24
2018-10-24
2018-10-24
2018-10-24
2018-10-24
2018-10-24
2018-10-24
2018-10-24
2018-10-24
2018-10-24
2018-10-24
2018-10-24
2018-10-24
2018-10-24
2018-10-24
2018-10-24
2018-10-24
2018-10-24
2018-10-24
2018-10-24
2018-10-24
2018-10-24
2018-10-24
2018-10-24
2018-10-24
2018-10-24
2018-10-24
2018-10-24
2018-10-24
2018-10-24
2018-10-24
2018-10-24
2018-10-24
2018-10-24
2018-10-24
2018-10-24
2019-10-14
2019-10-14
2019-10-14
2019-10-14
2019-10-14
2019-10-14
2019-10-14
2019-10-14
2019-10-14
2019-10-14
2019-10-14
2019-10-14
2019-10-14
2019-10-14
2019-10-14
2019-10-14
2019-10-14
2019-10-14
2019-10-14
2019-10-14
2019-10-14
2019-10-14
2019-10-14
2019-10-14
2019-10-14
2019-10-14
2019-10-14
2019-10-14
2019-10-14
2019-10-14
2019-10-14
2019-10-14
2019-10-14
2019-10-14
2019-10-14
2019-10-14
2019-10-14
2019-10-14
2019-10-14
2019-10-14
2019-10-14
2019-10-14
2019-10-14
2019-10-14
2019-10-14
2019-10-14
2019-10-14
2019-10-14
2019-10-14
2019-10-14
2019-10-14
2019-10-14
2019-10-14
2019-10-14
2019-10-14
2019-10-14
2019-10-14
2019-10-14
2019-10-14
2019-10-14
2019-10-14
2019-10-14
2019-10-14
2019-10-14
2019-10-14
2019-10-14
2019-10-14
2019-10-14
2019-10-14
2019-10-14
2019-10-14
2019-10-14
2019-10-14
2019-10-14
2019-10-14
2019-10-14
2019-10-14
2019-10-14
2019-10-14
2019-10-14
2019-10-14
2019-10-14
2019-10-14
2019-10-14
2019-10-14
2019-10-14
2019-10-14
2019-10-14
2019-10-14
2019-10-14
2019-10-14
2019-10-14
2019-10-14
2019-10-14
2019-10-14
2019-10-14
2019-10-14
2019-10-14
2019-10-14
2019-10-14
2019-10-14
2019-10-14
2019-10-14
2019-10-14
2019-10-14
2019-10-14
2019-10-14
2019-10-14
2019-10-14
2019-10-14
2019-10-14
2019-10-14
2019-10-14
2019-10-14
2019-10-14
2019-10-14
2019-10-14
2019-10-14
2019-10-14
2019-10-14
2019-10-14
2019-10-14
2019-10-14
2019-10-14
2019-10-14
2019-10-14
2019-10-14
2019-10-14
2019-10-14
2019-10-14
2019-10-14
2019-10-14
2019-10-14
2019-10-14
2019-10-14
2019-10-14
2019-10-14
2019-10-14
2019-10-14
2019-10-14
2019-10-14
2019-10-14
2019-10-14
2019-10-14
2019-10-14
2019-10-14
2019-10-14
2019-10-14
2019-10-14
2019-10-14
2019-10-14
2019-10-14
2019-10-14
2019-10-14
2019-10-14
2019-10-14
2019-10-14
2019-10-14
2019-10-14
2019-10-14
2019-10-14
2019-10-14
2019-10-14
2019-10-14
2019-10-14
2019-10-14
2019-10-14
2019-10-14
2019-10-14
2019-10-14
2019-10-14
2019-10-14
2019-10-14
2019-10-14
2019-10-14
2019-10-14
2019-10-14
2019-10-14
2019-10-14
2019-10-14
2019-10-14
2019-10-14
2019-10-14
2019-10-14
2019-10-14
2019-10-14
2019-10-14
2019-10-14
2019-10-14
2019-10-14
2019-10-14
2019-10-14
2019-10-14
2019-10-14
2019-10-14
2019-10-14
2019-10-14
2019-10-14
2019-10-14
2019-10-14
2019-10-14
2019-10-14
2019-10-14
2019-10-14
2019-10-14
2019-10-14
2019-10-14
2019-10-14
2019-10-14
2019-10-14
2019-10-14
2019-10-14
2019-10-14
2019-10-14
2019-10-14
2019-10-14
2019-10-14
2019-10-14
2019-10-14
2019-10-14
2019-10-14
2019-10-14
2019-10-14
2019-10-14
2019-10-14
2019-10-14
2019-10-14
2019-10-14
2019-10-14
2019-10-14
2019-10-14
2019-10-14
2019-10-14
2019-10-14
2019-10-14
2019-10-14
2019-10-14
2019-10-14
2019-10-14
2019-10-14
2019-10-14
2019-10-14
2019-10-14
2019-10-14
2019-10-14
2019-10-14
2019-10-14
2019-10-14
2019-10-14
2019-10-14
2019-10-14
2019-10-14
2019-10-14
2019-10-14
2019-10-14
2019-10-14
2019-10-14
2019-10-14
2019-10-14
2019-10-14
2019-10-14
2019-10-14
2019-10-14
2019-10-14
2019-10-14
2019-10-14
2019-10-14
2019-10-14
2019-10-14
2019-10-14
2019-10-14
2019-10-14
2019-10-14
2019-10-14
2019-10-14
2019-10-14
2019-10-14
2019-10-14
2019-10-14
2019-10-14
2019-10-14
2019-10-14
2019-10-14
2019-10-14
2019-10-14
2019-10-14
2019-10-14
2019-10-14
2019-10-14
2019-10-14
2019-10-14
2019-10-14
2019-10-14
2019-10-14
2019-10-14
2019-10-14
2019-10-14
2019-10-14
2019-10-14
2019-10-14
2019-10-28
2019-10-28
2019-10-28
2019-10-28
2019-10-28
2019-10-28
2019-10-28
2019-10-28
2019-10-28
2019-10-28
2019-10-28
2019-10-28
2019-10-28
2019-10-28
2019-10-28
2019-10-28
2019-10-28
2019-10-28
2019-10-28
2019-10-28
2019-10-28
2019-10-28
2019-10-28
2019-10-28
2019-10-28
2019-10-28
2019-10-28
2019-10-28
2019-10-28
2019-10-28
2019-10-28
2019-10-28
2019-10-28
2019-10-28
2019-10-28
2019-10-28
2019-10-28
2019-10-28
2019-10-28
2019-10-28
2019-10-28
2019-10-28
2019-10-28
2019-10-28
2019-10-28
2019-10-28
2019-10-28
2019-10-28
2019-10-28
2019-10-28
2019-10-28
2019-10-28
2019-10-28
2019-10-28
2019-10-28
2019-10-28
2019-10-28
2019-10-28
2019-10-28
2019-10-28
2019-10-28
2019-10-28
2019-10-28
2019-10-28
2019-10-28
2019-10-28
2019-10-28
2019-10-28
2019-10-28
2019-10-28
2019-10-28
2019-10-28
2019-10-28
2019-10-28
2019-10-28
2019-10-28
2019-10-28
2019-10-28
2019-10-28
2019-10-28
2019-10-28
2019-10-28
2019-10-28
2019-10-28
2019-10-28
2019-10-28
2019-10-28
2019-10-28
2019-10-28
2019-10-28
2019-10-28
2019-10-28
2019-10-28
2019-10-28
2019-10-28
2019-10-28
2019-10-28
2019-10-28
2019-10-28
2019-10-28
2019-10-28
2019-10-28
2019-10-28
2019-10-28
2019-10-28
2019-10-28
2019-10-28
2019-10-28
2019-10-28
2019-10-28
2019-10-28
2019-10-28
2019-10-28
2019-10-28
2019-10-28
2019-10-28
2019-10-28
2019-10-28
2019-10-28
2019-10-28
2019-10-28
2019-10-28
2019-10-28
2019-10-28
2019-10-28
2019-10-28
2019-10-28
2019-10-28
2019-10-28
2019-10-28
2019-10-28
2019-10-28
2019-10-28
2019-10-28
2019-10-28
2019-10-28
2019-10-28
2019-10-28
2019-10-28
2019-10-28
2019-10-28
2019-10-28
2019-10-28
2019-10-28
2019-10-28
2019-10-28
2019-10-28
2019-10-28
2019-10-28
2019-10-28
2019-10-28
2019-10-28
2019-10-28
2019-10-28
2019-10-28
2019-10-28
2019-10-28
2019-10-28
2019-10-28
2019-10-28
2019-10-28
2019-10-28
2019-10-28
2019-10-28
2019-10-28
2019-10-28
2019-10-28
2019-10-28
2019-10-28
2019-10-28
2019-10-28
2019-10-28
2019-10-28
2019-10-28
2019-10-28
2019-10-28
2019-10-28
2019-10-28
2019-10-28
2019-10-28
2019-10-28
2019-10-28
2019-10-28
2019-10-28
2019-10-28
2019-10-28
2019-10-28
2019-10-28
2019-10-28
2019-10-28
2019-10-28
2019-10-28
2019-10-28
2019-10-28
2019-10-28
2019-10-28
2019-10-28
2019-10-28
2019-10-28
2019-10-28
2019-10-28
2019-10-28
2019-10-28
2019-10-28
2019-10-28
2019-10-28
2019-10-28
2019-10-28
2019-10-28
2019-10-28
2019-10-28
2019-10-28
2019-10-28
2019-10-28
2019-10-28
2019-10-28
2019-10-28
2019-10-28
2019-10-28
2019-10-28
2019-10-28
2019-10-28
2019-10-28
2019-10-28
2019-10-28
2019-10-28
2019-10-28
2019-10-28
2019-10-28
2019-10-28
2019-10-28
2019-10-28
2019-10-28
2019-10-28
2019-10-28
2019-10-28
2019-10-28
2019-10-28
2019-10-28
2019-10-28
2019-10-28
2019-10-28
2019-10-28
2019-10-28
2019-10-28
2019-10-28
2019-10-28
2019-10-28
2019-10-28
2019-10-28
2019-10-28
2019-10-28
2019-10-28
2019-10-28
2019-10-28
2019-10-28
2019-10-28
2019-10-28
2019-10-28
2019-10-28
2019-10-28
2019-10-28
2019-10-28
2019-10-28
2019-10-28
2019-10-28
2019-10-28
2019-10-28
2019-10-28
2019-10-28
2019-10-28
2019-10-28
2019-10-28
2019-10-28
2019-10-28
2019-10-28
2019-10-28
2019-10-28
2019-10-28
2019-10-28
2019-10-28
2019-10-28
2019-10-28
2019-10-28
2019-10-28
2019-10-28
2019-10-28
2019-10-28
2019-10-28
2019-10-28
2019-10-28
2019-10-28
2019-10-28
2019-10-28
2019-10-28
2019-10-28
2019-10-28
2019-10-28
2019-10-28
2019-10-28
2020-10-13
2020-10-13
2020-10-13
2020-10-13
2020-10-13
2020-10-13
2020-10-13
2020-10-13
2020-10-13
2020-10-13
2020-10-13
2020-10-13
2020-10-13
2020-10-13
2020-10-13
2020-10-13
2020-10-13
2020-10-13
2020-10-13
2020-10-13
2020-10-13
2020-10-13
2020-10-13
2020-10-13
2020-10-13
2020-10-13
2020-10-13
2020-10-13
2020-10-13
2020-10-13
2020-10-13
2020-10-13
2020-10-13
2020-10-13
2020-10-13
2020-10-13
2020-10-13
2020-10-13
2020-10-13
2020-10-13
2020-10-13
2020-10-13
2020-10-13
2020-10-13
2020-10-13
2020-10-13
2020-10-13
2020-10-13
2020-10-13
2020-10-13
2020-10-13
2020-10-13
2020-10-13
2020-10-13
2020-10-13
2020-10-13
2020-10-13
2020-10-13
2020-10-13
2020-10-13
2020-10-13
2020-10-13
2020-10-13
2020-10-13
2020-10-13
2020-10-13
2020-10-13
2020-10-13
2020-10-13
2020-10-13
2020-10-13
2020-10-13
2020-10-13
2020-10-13
2020-10-13
2020-10-13
2020-10-13
2020-10-13
2020-10-13
2020-10-13
2020-10-13
2020-10-13
2020-10-13
2020-10-13
2020-10-13
2020-10-13
2020-10-13
2020-10-13
2020-10-13
2020-10-13
2020-10-13
2020-10-13
2020-10-13
2020-10-13
2020-10-13
2020-10-13
2020-10-13
2020-10-13
2020-10-13
2020-10-13
2020-10-13
2020-10-13
2020-10-13
2020-10-13
2020-10-13
2020-10-13
2020-10-13
2020-10-13
2020-10-13
2020-10-13
2020-10-13
2020-10-13
2020-10-13
2020-10-13
2020-10-13
2020-10-13
2020-10-13
2020-10-13
2020-10-13
2020-10-13
2020-10-13
2020-10-13
2020-10-13
2020-10-13
2020-10-13
2020-10-13
2020-10-13
2020-10-13
2020-10-13
2020-10-13
2020-10-13
2020-10-13
2020-10-13
2020-10-13
2020-10-13
2020-10-13
2020-10-13
2020-10-13
2020-10-13
2020-10-13
2020-10-13
2020-10-13
2020-10-13
2020-10-13
2020-10-13
2020-10-13
2020-10-13
2020-10-13
2020-10-13
2020-10-13
2020-10-13
2020-10-13
2020-10-13
2020-10-13
2020-10-13
2020-10-13
2020-10-13
2020-10-13
2020-10-13
2020-10-13
2020-10-13
2020-10-13
2020-10-13
2020-10-13
2020-10-13
2020-10-13
2020-10-13
2020-10-13
2020-10-13
2020-10-13
2020-10-13
2020-10-13
2020-10-13
2020-10-13
2020-10-13
2020-10-13
2020-10-13
2020-10-13
2020-10-13
2020-10-13
2020-10-13
2020-10-13
2020-10-13
2020-10-13
2020-10-13
2020-10-13
2020-10-13
2020-10-13
2020-10-13
2020-10-13
2020-10-13
2020-10-13
2020-10-13
2020-10-13
2020-10-13
2020-10-13
2020-10-13
2020-10-13
2020-10-13
2020-10-13
2020-10-13
2020-10-13
2020-10-13
2020-10-13
2020-10-13
2020-10-13
2020-10-13
2020-10-13
2020-10-13
2020-10-13
2020-10-13
2020-10-13
2020-10-13
2020-10-13
2020-10-13
2020-10-13
2020-10-13
2020-10-13
2020-10-13
2020-10-13
2020-10-13
2020-10-13
2020-10-13
2020-10-13
2020-10-13
2020-10-13
2020-10-13
2020-10-13
2020-10-13
2020-10-13
2020-10-13
2020-10-13
2020-10-13
2020-10-13
2020-10-13
2020-10-13
2020-10-13
2020-10-13
2020-10-13
2020-10-13
2020-10-13
2020-10-13
2020-10-13
2020-10-13
2020-10-13
2020-10-13
2020-10-13
2020-10-13
2020-10-13
2020-10-13
2020-10-13
2020-10-13
2020-10-13
2020-10-13
2020-10-13
2020-10-13
2020-10-13
2020-10-13
2020-10-13
2020-10-13
2020-10-13
2020-10-13
2020-10-13
2020-10-13
2020-10-13
2020-10-13
2020-10-13
2020-10-13
2020-10-13
2020-10-13
2020-10-13
2020-10-13
2020-10-13
2020-10-13
2020-10-13
2020-10-13
2020-10-13
2020-10-13
2020-10-13
2020-10-13
2020-10-13
2020-10-13
2020-10-13
2020-10-13
2020-10-13
2020-10-13
2020-10-13
2020-10-13
2020-10-13
2020-10-13
2020-10-13
2020-10-13
2020-10-13
2020-10-13
2020-10-13
2020-10-13
2020-10-13
2020-10-13
2020-10-13
2020-10-13
2017-11-21
2017-11-21
2017-11-21
2017-11-21
2017-11-21
2017-11-21
2017-11-21
2017-11-21
2017-11-21
2017-11-21
2017-11-21
2017-11-21
2017-11-21
2017-11-21
2017-11-21
2017-11-21
2017-11-21
2017-11-21
2017-11-21
2017-11-21
2017-11-21
2017-11-21
2017-11-21
2017-11-21
2017-11-21
2017-11-21
2017-11-21
2017-11-21
2017-11-21
2017-11-21
2017-11-21
2017-11-21
2017-11-21
2017-11-21
2017-11-21
2017-11-21
2017-11-21
2017-11-21
2017-11-21
2017-11-21
2017-11-21
2017-11-21
2017-11-21
2017-11-21
2017-11-21
2017-11-21
2017-11-21
2017-11-21
2017-11-21
2017-11-21
2017-11-21
2017-11-21
2017-11-21
2017-11-21
2017-11-21
2017-11-21
2017-11-21
2017-11-21
2017-11-21
2017-11-21
2017-11-21
2017-11-21
2017-11-21
2017-11-21
2017-11-21
2017-11-21
2017-11-21
2017-11-21
2017-11-21
2017-11-21
2017-11-21
2017-11-21
2017-11-21
2017-11-21
2017-11-21
2017-11-21
2017-11-21
2017-11-21
2017-11-21
2017-11-21
2017-11-21
2017-11-21
2017-11-21
2017-11-21
2017-11-21
2017-11-21
2017-11-21
2017-11-21
2017-11-21
2017-11-21
2017-11-21
2017-11-21
2017-11-21
2017-11-21
2017-11-21
2017-11-21
2017-11-21
2017-11-21
2017-11-21
2017-11-21
2017-11-21
2017-11-21
2017-11-21
2017-11-21
2017-11-21
2017-11-21
2017-11-21
2017-11-21
2017-11-21
2017-11-21
2017-11-21
2017-11-21
2017-11-21
2017-11-21
2017-11-21
2017-11-21
2017-11-21
2017-11-21
2017-11-21
2017-11-21
2017-11-21
2017-11-21
2017-11-21
2017-11-21
2017-11-21
2017-11-21
2017-11-21
2017-11-21
2017-11-21
2017-11-21
2017-11-21
2017-11-21
2017-11-21
2017-11-21
2017-11-21
2017-11-21
2017-11-21
2017-11-21
2017-11-21
2017-11-21
2017-11-21
2017-11-21
2017-11-21
2017-11-21
2017-11-21
2017-11-21
2017-11-21
2017-11-21
2017-11-21
2017-11-21
2017-11-21
2017-11-21
2017-11-21
2017-11-21
2017-11-21
2017-11-21
2017-11-21
2017-11-21
2017-11-21
2017-11-21
2017-11-21
2017-11-21
2017-11-21
2017-11-21
2017-11-21
2017-11-21
2017-11-21
2017-11-21
2017-11-21
2017-11-21
2017-11-21
2017-11-21
2017-11-21
2017-11-21
2017-11-21
2017-11-21
2017-11-21
2017-11-21
2017-11-21
2017-11-21
2017-11-21
2017-11-21
2017-11-21
2017-11-21
2017-11-21
2017-11-21
2017-11-21
2017-11-21
2017-11-21
2017-11-21
2017-11-21
2017-11-21
2017-11-21
2017-11-21
2017-11-21
2017-11-21
2017-11-21
2017-11-21
2017-11-21
2017-11-21
2017-11-21
2017-11-21
2017-11-21
2017-11-21
2017-11-21
2017-11-21
2017-11-21
2017-11-21
2017-11-21
2017-11-21
2017-11-21
2017-11-21
2017-11-21
2017-11-21
2017-11-21
2017-11-21
2017-11-21
2017-11-21
2017-11-21
2017-11-21
2017-11-21
2017-11-21
2017-11-21
2017-11-21
2017-11-21
2017-11-21
2017-11-21
2017-11-21
2017-11-21
2017-11-21
2017-11-21
2017-11-21
2017-11-21
2017-11-21
2017-11-21
2017-11-21
2017-11-21
2017-11-21
2017-11-21
2017-11-21
2017-11-21
2017-11-21
2017-11-21
2017-11-21
2017-11-21
2017-11-21
2017-11-21
2017-11-21
2017-11-21
2017-11-21
2017-11-21
2017-11-21
2017-11-21
2017-11-21
2017-11-21
2017-11-21
2017-11-21
2017-11-21
2017-11-21
2017-11-21
2017-11-21
2017-11-21
2017-11-21
2017-11-21
2017-11-21
2017-11-21
2017-11-21
2017-11-21
2017-11-21
2017-11-21
2017-11-21
2017-11-21
2017-11-21
2017-11-21
2017-11-21
2017-11-21
2017-11-21
2017-11-21
2017-11-21
2017-11-21
2017-11-21
2017-11-21
2017-11-21
2017-11-21
2017-11-21
2017-11-21
2017-11-21
2017-11-21
2017-11-21
2017-11-21
2017-11-21
2017-11-21
2017-11-21
2017-11-21
2017-11-21
2017-11-21
2017-11-21
2017-11-21
2017-11-21
2017-11-21
2018-11-12
2018-11-12
2018-11-12
2018-11-12
2018-11-12
2018-11-12
2018-11-12
2018-11-12
2018-11-12
2018-11-12
2018-11-12
2018-11-12
2018-11-12
2018-11-12
2018-11-12
2018-11-12
2018-11-12
2018-11-12
2018-11-12
2018-11-12
2018-11-12
2018-11-12
2018-11-12
2018-11-12
2018-11-12
2018-11-12
2018-11-12
2018-11-12
2018-11-12
2018-11-12
2018-11-12
2018-11-12
2018-11-12
2018-11-12
2018-11-12
2018-11-12
2018-11-12
2018-11-12
2018-11-12
2018-11-12
2018-11-12
2018-11-12
2018-11-12
2018-11-12
2018-11-12
2018-11-12
2018-11-12
2018-11-12
2018-11-12
2018-11-12
2018-11-12
2018-11-12
2018-11-12
2018-11-12
2018-11-12
2018-11-12
2018-11-12
2018-11-12
2018-11-12
2018-11-12
2018-11-12
2018-11-12
2018-11-12
2018-11-12
2018-11-12
2018-11-12
2018-11-12
2018-11-12
2018-11-12
2018-11-12
2018-11-12
2018-11-12
2018-11-12
2018-11-12
2018-11-12
2018-11-12
2018-11-12
2018-11-12
2018-11-12
2018-11-12
2018-11-12
2018-11-12
2018-11-12
2018-11-12
2018-11-12
2018-11-12
2018-11-12
2018-11-12
2018-11-12
2018-11-12
2018-11-12
2018-11-12
2018-11-12
2018-11-12
2018-11-12
2018-11-12
2018-11-12
2018-11-12
2018-11-12
2018-11-12
2018-11-12
2018-11-12
2018-11-12
2018-11-12
2018-11-12
2018-11-12
2018-11-12
2018-11-12
2018-11-12
2018-11-12
2018-11-12
2018-11-12
2018-11-12
2018-11-12
2018-11-12
2018-11-12
2018-11-12
2018-11-12
2018-11-12
2018-11-12
2018-11-12
2018-11-12
2018-11-12
2018-11-12
2018-11-12
2018-11-12
2018-11-12
2018-11-12
2018-11-12
2018-11-12
2018-11-12
2018-11-12
2018-11-12
2018-11-12
2018-11-12
2018-11-12
2018-11-12
2018-11-12
2018-11-12
2018-11-12
2018-11-12
2018-11-12
2018-11-12
2018-11-12
2018-11-12
2018-11-12
2018-11-12
2018-11-12
2018-11-12
2018-11-12
2018-11-12
2018-11-12
2018-11-12
2018-11-12
2018-11-12
2018-11-12
2018-11-12
2018-11-12
2018-11-12
2018-11-12
2018-11-12
2018-11-12
2018-11-12
2018-11-12
2018-11-12
2018-11-12
2018-11-12
2018-11-12
2018-11-12
2018-11-12
2018-11-12
2018-11-12
2018-11-12
2018-11-12
2018-11-12
2018-11-12
2018-11-12
2018-11-12
2018-11-12
2018-11-12
2018-11-12
2018-11-12
2018-11-12
2018-11-12
2018-11-12
2018-11-12
2018-11-12
2018-11-12
2018-11-12
2018-11-12
2018-11-12
2018-11-12
2018-11-12
2018-11-12
2018-11-12
2018-11-12
2018-11-12
2018-11-12
2018-11-12
2018-11-12
2018-11-12
2018-11-12
2018-11-12
2018-11-12
2018-11-12
2018-11-12
2018-11-12
2018-11-12
2018-11-12
2018-11-12
2018-11-12
2018-11-12
2018-11-12
2018-11-12
2018-11-12
2018-11-12
2018-11-12
2018-11-12
2018-11-12
2018-11-12
2018-11-12
2018-11-12
2018-11-12
2018-11-12
2018-11-12
2018-11-12
2018-11-12
2018-11-12
2018-11-12
2018-11-12
2018-11-12
2018-11-12
2018-11-12
2018-11-12
2018-11-12
2018-11-12
2018-11-12
2018-11-12
2018-11-12
2018-11-12
2018-11-12
2018-11-12
2018-11-12
2018-11-12
2018-11-12
2018-11-12
2018-11-12
2018-11-12
2018-11-12
2018-11-12
2018-11-12
2018-11-12
2018-11-12
2018-11-12
2018-11-12
2018-11-12
2018-11-12
2018-11-12
2018-11-12
2018-11-12
2018-11-12
2018-11-12
2018-11-12
2018-11-12
2018-11-12
2018-11-12
2018-11-12
2018-11-12
2018-11-12
2018-11-12
2018-11-12
2018-11-12
2018-11-12
2018-11-12
2018-11-12
2018-11-12
2018-11-12
2018-11-12
2018-11-12
2018-11-12
2018-11-12
2018-11-12
2018-11-12
2018-11-12
2018-11-12
2018-11-12
2018-11-12
2018-11-12
2018-11-12
2018-11-12
2018-11-12
2018-11-12
2018-11-12
2018-11-12
2018-11-12
2018-11-12
2018-11-12
2018-11-12
2018-11-12
2018-11-12
2018-11-28
2018-11-28
2018-11-28
2018-11-28
2018-11-28
2018-11-28
2018-11-28
2018-11-28
2018-11-28
2018-11-28
2018-11-28
2018-11-28
2018-11-28
2018-11-28
2018-11-28
2018-11-28
2018-11-28
2018-11-28
2018-11-28
2018-11-28
2018-11-28
2018-11-28
2018-11-28
2018-11-28
2018-11-28
2018-11-28
2018-11-28
2018-11-28
2018-11-28
2018-11-28
2018-11-28
2018-11-28
2018-11-28
2018-11-28
2018-11-28
2018-11-28
2018-11-28
2018-11-28
2018-11-28
2018-11-28
2018-11-28
2018-11-28
2018-11-28
2018-11-28
2018-11-28
2018-11-28
2018-11-28
2018-11-28
2018-11-28
2018-11-28
2018-11-28
2018-11-28
2018-11-28
2018-11-28
2018-11-28
2018-11-28
2018-11-28
2018-11-28
2018-11-28
2018-11-28
2018-11-28
2018-11-28
2018-11-28
2018-11-28
2018-11-28
2018-11-28
2018-11-28
2018-11-28
2018-11-28
2018-11-28
2018-11-28
2018-11-28
2018-11-28
2018-11-28
2018-11-28
2018-11-28
2018-11-28
2018-11-28
2018-11-28
2018-11-28
2018-11-28
2018-11-28
2018-11-28
2018-11-28
2018-11-28
2018-11-28
2018-11-28
2018-11-28
2018-11-28
2018-11-28
2018-11-28
2018-11-28
2018-11-28
2018-11-28
2018-11-28
2018-11-28
2018-11-28
2018-11-28
2018-11-28
2018-11-28
2018-11-28
2018-11-28
2018-11-28
2018-11-28
2018-11-28
2018-11-28
2018-11-28
2018-11-28
2018-11-28
2018-11-28
2018-11-28
2018-11-28
2018-11-28
2018-11-28
2018-11-28
2018-11-28
2018-11-28
2018-11-28
2018-11-28
2018-11-28
2018-11-28
2018-11-28
2018-11-28
2018-11-28
2018-11-28
2018-11-28
2018-11-28
2018-11-28
2018-11-28
2018-11-28
2018-11-28
2018-11-28
2018-11-28
2018-11-28
2018-11-28
2018-11-28
2018-11-28
2018-11-28
2018-11-28
2018-11-28
2018-11-28
2018-11-28
2018-11-28
2018-11-28
2018-11-28
2018-11-28
2018-11-28
2018-11-28
2018-11-28
2018-11-28
2018-11-28
2018-11-28
2018-11-28
2018-11-28
2018-11-28
2018-11-28
2018-11-28
2018-11-28
2018-11-28
2018-11-28
2018-11-28
2018-11-28
2018-11-28
2018-11-28
2018-11-28
2018-11-28
2018-11-28
2018-11-28
2018-11-28
2018-11-28
2018-11-28
2018-11-28
2018-11-28
2018-11-28
2018-11-28
2018-11-28
2018-11-28
2018-11-28
2018-11-28
2018-11-28
2018-11-28
2018-11-28
2018-11-28
2018-11-28
2018-11-28
2018-11-28
2018-11-28
2018-11-28
2018-11-28
2018-11-28
2018-11-28
2018-11-28
2018-11-28
2018-11-28
2018-11-28
2018-11-28
2018-11-28
2018-11-28
2018-11-28
2018-11-28
2018-11-28
2018-11-28
2018-11-28
2018-11-28
2018-11-28
2018-11-28
2018-11-28
2018-11-28
2018-11-28
2018-11-28
2018-11-28
2018-11-28
2018-11-28
2018-11-28
2018-11-28
2018-11-28
2018-11-28
2018-11-28
2018-11-28
2018-11-28
2018-11-28
2018-11-28
2018-11-28
2018-11-28
2018-11-28
2018-11-28
2018-11-28
2018-11-28
2018-11-28
2018-11-28
2018-11-28
2018-11-28
2018-11-28
2018-11-28
2018-11-28
2018-11-28
2018-11-28
2018-11-28
2018-11-28
2018-11-28
2018-11-28
2018-11-28
2018-11-28
2018-11-28
2018-11-28
2018-11-28
2018-11-28
2018-11-28
2018-11-28
2018-11-28
2018-11-28
2018-11-28
2018-11-28
2018-11-28
2018-11-28
2018-11-28
2018-11-28
2018-11-28
2018-11-28
2018-11-28
2018-11-28
2018-11-28
2018-11-28
2018-11-28
2018-11-28
2018-11-28
2018-11-28
2018-11-28
2018-11-28
2018-11-28
2018-11-28
2018-11-28
2018-11-28
2018-11-28
2018-11-28
2018-11-28
2018-11-28
2018-11-28
2018-11-28
2018-11-28
2018-11-28
2018-11-28
2018-11-28
2018-11-28
2018-11-28
2018-11-28
2018-11-28
2018-11-28
2018-11-28
2018-11-28
2018-11-28
2018-11-28
2018-11-28
2018-11-28
2018-11-28
2018-11-28
2018-11-28
2018-11-28
2018-11-28
2018-11-28
2019-11-13
2019-11-13
2019-11-13
2019-11-13
2019-11-13
2019-11-13
2019-11-13
2019-11-13
2019-11-13
2019-11-13
2019-11-13
2019-11-13
2019-11-13
2019-11-13
2019-11-13
2019-11-13
2019-11-13
2019-11-13
2019-11-13
2019-11-13
2019-11-13
2019-11-13
2019-11-13
2019-11-13
2019-11-13
2019-11-13
2019-11-13
2019-11-13
2019-11-13
2019-11-13
2019-11-13
2019-11-13
2019-11-13
2019-11-13
2019-11-13
2019-11-13
2019-11-13
2019-11-13
2019-11-13
2019-11-13
2019-11-13
2019-11-13
2019-11-13
2019-11-13
2019-11-13
2019-11-13
2019-11-13
2019-11-13
2019-11-13
2019-11-13
2019-11-13
2019-11-13
2019-11-13
2019-11-13
2019-11-13
2019-11-13
2019-11-13
2019-11-13
2019-11-13
2019-11-13
2019-11-13
2019-11-13
2019-11-13
2019-11-13
2019-11-13
2019-11-13
2019-11-13
2019-11-13
2019-11-13
2019-11-13
2019-11-13
2019-11-13
2019-11-13
2019-11-13
2019-11-13
2019-11-13
2019-11-13
2019-11-13
2019-11-13
2019-11-13
2019-11-13
2019-11-13
2019-11-13
2019-11-13
2019-11-13
2019-11-13
2019-11-13
2019-11-13
2019-11-13
2019-11-13
2019-11-13
2019-11-13
2019-11-13
2019-11-13
2019-11-13
2019-11-13
2019-11-13
2019-11-13
2019-11-13
2019-11-13
2019-11-13
2019-11-13
2019-11-13
2019-11-13
2019-11-13
2019-11-13
2019-11-13
2019-11-13
2019-11-13
2019-11-13
2019-11-13
2019-11-13
2019-11-13
2019-11-13
2019-11-13
2019-11-13
2019-11-13
2019-11-13
2019-11-13
2019-11-13
2019-11-13
2019-11-13
2019-11-13
2019-11-13
2019-11-13
2019-11-13
2019-11-13
2019-11-13
2019-11-13
2019-11-13
2019-11-13
2019-11-13
2019-11-13
2019-11-13
2019-11-13
2019-11-13
2019-11-13
2019-11-13
2019-11-13
2019-11-13
2019-11-13
2019-11-13
2019-11-13
2019-11-13
2019-11-13
2019-11-13
2019-11-13
2019-11-13
2019-11-13
2019-11-13
2019-11-13
2019-11-13
2019-11-13
2019-11-13
2019-11-13
2019-11-13
2019-11-13
2019-11-13
2019-11-13
2019-11-13
2019-11-13
2019-11-13
2019-11-13
2019-11-13
2019-11-13
2019-11-13
2019-11-13
2019-11-13
2019-11-13
2019-11-13
2019-11-13
2019-11-13
2019-11-13
2019-11-13
2019-11-13
2019-11-13
2019-11-13
2019-11-13
2019-11-13
2019-11-13
2019-11-13
2019-11-13
2019-11-13
2019-11-13
2019-11-13
2019-11-13
2019-11-13
2019-11-13
2019-11-13
2019-11-13
2019-11-13
2019-11-13
2019-11-13
2019-11-13
2019-11-13
2019-11-13
2019-11-13
2019-11-13
2019-11-13
2019-11-13
2019-11-13
2019-11-13
2019-11-13
2019-11-13
2019-11-13
2019-11-13
2019-11-13
2019-11-13
2019-11-13
2019-11-13
2019-11-13
2019-11-13
2019-11-13
2019-11-13
2019-11-13
2019-11-13
2019-11-13
2019-11-13
2019-11-13
2019-11-13
2019-11-13
2019-11-13
2019-11-13
2019-11-13
2019-11-13
2019-11-13
2019-11-13
2019-11-13
2019-11-13
2019-11-13
2019-11-13
2019-11-13
2019-11-13
2019-11-13
2019-11-13
2019-11-13
2019-11-13
2019-11-13
2019-11-13
2019-11-13
2019-11-13
2019-11-13
2019-11-13
2019-11-13
2019-11-13
2019-11-13
2019-11-13
2019-11-13
2019-11-13
2019-11-13
2019-11-13
2019-11-13
2019-11-13
2019-11-13
2019-11-13
2019-11-13
2019-11-13
2019-11-13
2019-11-13
2019-11-13
2019-11-13
2019-11-13
2019-11-13
2019-11-13
2019-11-13
2019-11-13
2019-11-13
2019-11-13
2019-11-13
2019-11-13
2019-11-13
2019-11-13
2019-11-13
2019-11-13
2019-11-13
2019-11-13
2019-11-13
2019-11-13
2019-11-13
2019-11-13
2019-11-13
2019-11-13
2019-11-13
2019-11-13
2019-11-13
2019-11-13
2019-11-13
2019-11-13
2019-11-13
2019-11-13
2019-11-13
2019-11-13
2019-11-13
2019-11-13
2019-11-13
2019-11-13
2019-11-13
2019-11-13
2019-11-13
2019-11-13
2016-12-15
2016-12-15
2016-12-15
2016-12-15
2016-12-15
2016-12-15
2016-12-15
2016-12-15
2016-12-15
2016-12-15
2016-12-15
2016-12-15
2016-12-15
2016-12-15
2016-12-15
2016-12-15
2016-12-15
2016-12-15
2016-12-15
2016-12-15
2016-12-15
2016-12-15
2016-12-15
2016-12-15
2016-12-15
2016-12-15
2016-12-15
2016-12-15
2016-12-15
2016-12-15
2016-12-15
2016-12-15
2016-12-15
2016-12-15
2016-12-15
2016-12-15
2016-12-15
2016-12-15
2016-12-15
2016-12-15
2016-12-15
2016-12-15
2016-12-15
2016-12-15
2016-12-15
2016-12-15
2016-12-15
2016-12-15
2016-12-15
2016-12-15
2016-12-15
2016-12-15
2016-12-15
2016-12-15
2016-12-15
2016-12-15
2016-12-15
2016-12-15
2016-12-15
2016-12-15
2016-12-15
2016-12-15
2016-12-15
2016-12-15
2016-12-15
2016-12-15
2016-12-15
2016-12-15
2016-12-15
2016-12-15
2016-12-15
2016-12-15
2016-12-15
2016-12-15
2016-12-15
2016-12-15
2016-12-15
2016-12-15
2016-12-15
2016-12-15
2016-12-15
2016-12-15
2016-12-15
2016-12-15
2016-12-15
2016-12-15
2016-12-15
2016-12-15
2016-12-15
2016-12-15
2016-12-15
2016-12-15
2016-12-15
2016-12-15
2016-12-15
2016-12-15
2016-12-15
2016-12-15
2016-12-15
2016-12-15
2016-12-15
2016-12-15
2016-12-15
2016-12-15
2016-12-15
2016-12-15
2016-12-15
2016-12-15
2016-12-15
2016-12-15
2016-12-15
2016-12-15
2016-12-15
2016-12-15
2016-12-15
2016-12-15
2016-12-15
2016-12-15
2016-12-15
2016-12-15
2016-12-15
2016-12-15
2016-12-15
2016-12-15
2016-12-15
2016-12-15
2016-12-15
2016-12-15
2016-12-15
2016-12-15
2016-12-15
2016-12-15
2016-12-15
2016-12-15
2016-12-15
2016-12-15
2016-12-15
2016-12-15
2016-12-15
2016-12-15
2016-12-15
2016-12-15
2016-12-15
2016-12-15
2016-12-15
2016-12-15
2016-12-15
2016-12-15
2016-12-15
2016-12-15
2016-12-15
2016-12-15
2016-12-15
2016-12-15
2016-12-15
2016-12-15
2016-12-15
2016-12-15
2016-12-15
2016-12-15
2016-12-15
2016-12-15
2016-12-15
2016-12-15
2016-12-15
2016-12-15
2016-12-15
2016-12-15
2016-12-15
2016-12-15
2016-12-15
2016-12-15
2016-12-15
2016-12-15
2016-12-15
2016-12-15
2016-12-15
2016-12-15
2016-12-15
2016-12-15
2016-12-15
2016-12-15
2016-12-15
2016-12-15
2016-12-15
2016-12-15
2016-12-15
2016-12-15
2016-12-15
2016-12-15
2016-12-15
2016-12-15
2016-12-15
2016-12-15
2016-12-15
2016-12-15
2016-12-15
2016-12-15
2016-12-15
2016-12-15
2016-12-15
2016-12-15
2016-12-15
2016-12-15
2016-12-15
2016-12-15
2016-12-15
2016-12-15
2016-12-15
2016-12-15
2016-12-15
2016-12-15
2016-12-15
2016-12-15
2016-12-15
2016-12-15
2016-12-15
2016-12-15
2016-12-15
2016-12-15
2016-12-15
2016-12-15
2016-12-15
2016-12-15
2016-12-15
2016-12-15
2016-12-15
2016-12-15
2016-12-15
2016-12-15
2016-12-15
2016-12-15
2016-12-15
2016-12-15
2016-12-15
2016-12-15
2016-12-15
2016-12-15
2016-12-15
2016-12-15
2016-12-15
2016-12-15
2016-12-15
2016-12-15
2016-12-15
2016-12-15
2016-12-15
2016-12-15
2016-12-15
2016-12-15
2016-12-15
2016-12-15
2016-12-15
2016-12-15
2016-12-15
2016-12-15
2016-12-15
2016-12-15
2016-12-15
2016-12-15
2016-12-15
2016-12-15
2016-12-15
2016-12-15
2016-12-15
2016-12-15
2016-12-15
2016-12-15
2016-12-15
2016-12-15
2016-12-15
2016-12-15
2016-12-15
2016-12-15
2016-12-15
2016-12-15
2016-12-15
2016-12-15
2016-12-15
2016-12-15
2016-12-15
2016-12-15
2016-12-15
2016-12-15
2016-12-15
2016-12-15
2016-12-15
2016-12-15
2016-12-15
2016-12-15
2016-12-15
2016-12-15
2016-12-15
2016-12-15
2016-12-15
2016-12-15
2016-12-15
2016-12-15
2016-12-15
2016-12-15
2017-12-21
2017-12-21
2017-12-21
2017-12-21
2017-12-21
2017-12-21
2017-12-21
2017-12-21
2017-12-21
2017-12-21
2017-12-21
2017-12-21
2017-12-21
2017-12-21
2017-12-21
2017-12-21
2017-12-21
2017-12-21
2017-12-21
2017-12-21
2017-12-21
2017-12-21
2017-12-21
2017-12-21
2017-12-21
2017-12-21
2017-12-21
2017-12-21
2017-12-21
2017-12-21
2017-12-21
2017-12-21
2017-12-21
2017-12-21
2017-12-21
2017-12-21
2017-12-21
2017-12-21
2017-12-21
2017-12-21
2017-12-21
2017-12-21
2017-12-21
2017-12-21
2017-12-21
2017-12-21
2017-12-21
2017-12-21
2017-12-21
2017-12-21
2017-12-21
2017-12-21
2017-12-21
2017-12-21
2017-12-21
2017-12-21
2017-12-21
2017-12-21
2017-12-21
2017-12-21
2017-12-21
2017-12-21
2017-12-21
2017-12-21
2017-12-21
2017-12-21
2017-12-21
2017-12-21
2017-12-21
2017-12-21
2017-12-21
2017-12-21
2017-12-21
2017-12-21
2017-12-21
2017-12-21
2017-12-21
2017-12-21
2017-12-21
2017-12-21
2017-12-21
2017-12-21
2017-12-21
2017-12-21
2017-12-21
2017-12-21
2017-12-21
2017-12-21
2017-12-21
2017-12-21
2017-12-21
2017-12-21
2017-12-21
2017-12-21
2017-12-21
2017-12-21
2017-12-21
2017-12-21
2017-12-21
2017-12-21
2017-12-21
2017-12-21
2017-12-21
2017-12-21
2017-12-21
2017-12-21
2017-12-21
2017-12-21
2017-12-21
2017-12-21
2017-12-21
2017-12-21
2017-12-21
2017-12-21
2017-12-21
2017-12-21
2017-12-21
2017-12-21
2017-12-21
2017-12-21
2017-12-21
2017-12-21
2017-12-21
2017-12-21
2017-12-21
2017-12-21
2017-12-21
2017-12-21
2017-12-21
2017-12-21
2017-12-21
2017-12-21
2017-12-21
2017-12-21
2017-12-21
2017-12-21
2017-12-21
2017-12-21
2017-12-21
2017-12-21
2017-12-21
2017-12-21
2017-12-21
2017-12-21
2017-12-21
2017-12-21
2017-12-21
2017-12-21
2017-12-21
2017-12-21
2017-12-21
2017-12-21
2017-12-21
2017-12-21
2017-12-21
2017-12-21
2017-12-21
2017-12-21
2017-12-21
2017-12-21
2017-12-21
2017-12-21
2017-12-21
2017-12-21
2017-12-21
2017-12-21
2017-12-21
2017-12-21
2017-12-21
2017-12-21
2017-12-21
2017-12-21
2017-12-21
2017-12-21
2017-12-21
2017-12-21
2017-12-21
2017-12-21
2017-12-21
2017-12-21
2017-12-21
2017-12-21
2017-12-21
2017-12-21
2017-12-21
2017-12-21
2017-12-21
2017-12-21
2017-12-21
2017-12-21
2017-12-21
2017-12-21
2017-12-21
2017-12-21
2017-12-21
2017-12-21
2017-12-21
2017-12-21
2017-12-21
2017-12-21
2017-12-21
2017-12-21
2017-12-21
2017-12-21
2017-12-21
2017-12-21
2017-12-21
2017-12-21
2017-12-21
2017-12-21
2017-12-21
2017-12-21
2017-12-21
2017-12-21
2017-12-21
2017-12-21
2017-12-21
2017-12-21
2017-12-21
2017-12-21
2017-12-21
2017-12-21
2017-12-21
2017-12-21
2017-12-21
2017-12-21
2017-12-21
2017-12-21
2017-12-21
2017-12-21
2017-12-21
2017-12-21
2017-12-21
2017-12-21
2017-12-21
2017-12-21
2017-12-21
2017-12-21
2017-12-21
2017-12-21
2017-12-21
2017-12-21
2017-12-21
2017-12-21
2017-12-21
2017-12-21
2017-12-21
2017-12-21
2017-12-21
2017-12-21
2017-12-21
2017-12-21
2017-12-21
2017-12-21
2017-12-21
2017-12-21
2017-12-21
2017-12-21
2017-12-21
2017-12-21
2017-12-21
2017-12-21
2017-12-21
2017-12-21
2017-12-21
2017-12-21
2017-12-21
2017-12-21
2017-12-21
2017-12-21
2017-12-21
2017-12-21
2017-12-21
2017-12-21
2017-12-21
2017-12-21
2017-12-21
2017-12-21
2017-12-21
2017-12-21
2017-12-21
2017-12-21
2017-12-21
2017-12-21
2017-12-21
2017-12-21
2017-12-21
2017-12-21
2017-12-21
2017-12-21
2017-12-21
2017-12-21
2017-12-21
2017-12-21
2017-12-21
2017-12-21
2017-12-21
2017-12-21
2017-12-21
2017-12-21
2018-12-18
2018-12-18
2018-12-18
2018-12-18
2018-12-18
2018-12-18
2018-12-18
2018-12-18
2018-12-18
2018-12-18
2018-12-18
2018-12-18
2018-12-18
2018-12-18
2018-12-18
2018-12-18
2018-12-18
2018-12-18
2018-12-18
2018-12-18
2018-12-18
2018-12-18
2018-12-18
2018-12-18
2018-12-18
2018-12-18
2018-12-18
2018-12-18
2018-12-18
2018-12-18
2018-12-18
2018-12-18
2018-12-18
2018-12-18
2018-12-18
2018-12-18
2018-12-18
2018-12-18
2018-12-18
2018-12-18
2018-12-18
2018-12-18
2018-12-18
2018-12-18
2018-12-18
2018-12-18
2018-12-18
2018-12-18
2018-12-18
2018-12-18
2018-12-18
2018-12-18
2018-12-18
2018-12-18
2018-12-18
2018-12-18
2018-12-18
2018-12-18
2018-12-18
2018-12-18
2018-12-18
2018-12-18
2018-12-18
2018-12-18
2018-12-18
2018-12-18
2018-12-18
2018-12-18
2018-12-18
2018-12-18
2018-12-18
2018-12-18
2018-12-18
2018-12-18
2018-12-18
2018-12-18
2018-12-18
2018-12-18
2018-12-18
2018-12-18
2018-12-18
2018-12-18
2018-12-18
2018-12-18
2018-12-18
2018-12-18
2018-12-18
2018-12-18
2018-12-18
2018-12-18
2018-12-18
2018-12-18
2018-12-18
2018-12-18
2018-12-18
2018-12-18
2018-12-18
2018-12-18
2018-12-18
2018-12-18
2018-12-18
2018-12-18
2018-12-18
2018-12-18
2018-12-18
2018-12-18
2018-12-18
2018-12-18
2018-12-18
2018-12-18
2018-12-18
2018-12-18
2018-12-18
2018-12-18
2018-12-18
2018-12-18
2018-12-18
2018-12-18
2018-12-18
2018-12-18
2018-12-18
2018-12-18
2018-12-18
2018-12-18
2018-12-18
2018-12-18
2018-12-18
2018-12-18
2018-12-18
2018-12-18
2018-12-18
2018-12-18
2018-12-18
2018-12-18
2018-12-18
2018-12-18
2018-12-18
2018-12-18
2018-12-18
2018-12-18
2018-12-18
2018-12-18
2018-12-18
2018-12-18
2018-12-18
2018-12-18
2018-12-18
2018-12-18
2018-12-18
2018-12-18
2018-12-18
2018-12-18
2018-12-18
2018-12-18
2018-12-18
2018-12-18
2018-12-18
2018-12-18
2018-12-18
2018-12-18
2018-12-18
2018-12-18
2018-12-18
2018-12-18
2018-12-18
2018-12-18
2018-12-18
2018-12-18
2018-12-18
2018-12-18
2018-12-18
2018-12-18
2018-12-18
2018-12-18
2018-12-18
2018-12-18
2018-12-18
2018-12-18
2018-12-18
2018-12-18
2018-12-18
2018-12-18
2018-12-18
2018-12-18
2018-12-18
2018-12-18
2018-12-18
2018-12-18
2018-12-18
2018-12-18
2018-12-18
2018-12-18
2018-12-18
2018-12-18
2018-12-18
2018-12-18
2018-12-18
2018-12-18
2018-12-18
2018-12-18
2018-12-18
2018-12-18
2018-12-18
2018-12-18
2018-12-18
2018-12-18
2018-12-18
2018-12-18
2018-12-18
2018-12-18
2018-12-18
2018-12-18
2018-12-18
2018-12-18
2018-12-18
2018-12-18
2018-12-18
2018-12-18
2018-12-18
2018-12-18
2018-12-18
2018-12-18
2018-12-18
2018-12-18
2018-12-18
2018-12-18
2018-12-18
2018-12-18
2018-12-18
2018-12-18
2018-12-18
2018-12-18
2018-12-18
2018-12-18
2018-12-18
2018-12-18
2018-12-18
2018-12-18
2018-12-18
2018-12-18
2018-12-18
2018-12-18
2018-12-18
2018-12-18
2018-12-18
2018-12-18
2018-12-18
2018-12-18
2018-12-18
2018-12-18
2018-12-18
2018-12-18
2018-12-18
2018-12-18
2018-12-18
2018-12-18
2018-12-18
2018-12-18
2018-12-18
2018-12-18
2018-12-18
2018-12-18
2018-12-18
2018-12-18
2018-12-18
2018-12-18
2018-12-18
2018-12-18
2018-12-18
2018-12-18
2018-12-18
2018-12-18
2018-12-18
2018-12-18
2018-12-18
2018-12-18
2018-12-18
2018-12-18
2018-12-18
2018-12-18
2018-12-18
2018-12-18
2018-12-18
2018-12-18
2018-12-18
2018-12-18
2018-12-18
2018-12-18
2018-12-18
2018-12-18
2018-12-18
2018-12-18
2018-12-18
2018-12-18
2018-12-18
2018-12-18
2018-12-18
2018-12-18
2018-12-18
2018-12-18
2019-12-10
2019-12-10
2019-12-10
2019-12-10
2019-12-10
2019-12-10
2019-12-10
2019-12-10
2019-12-10
2019-12-10
2019-12-10
2019-12-10
2019-12-10
2019-12-10
2019-12-10
2019-12-10
2019-12-10
2019-12-10
2019-12-10
2019-12-10
2019-12-10
2019-12-10
2019-12-10
2019-12-10
2019-12-10
2019-12-10
2019-12-10
2019-12-10
2019-12-10
2019-12-10
2019-12-10
2019-12-10
2019-12-10
2019-12-10
2019-12-10
2019-12-10
2019-12-10
2019-12-10
2019-12-10
2019-12-10
2019-12-10
2019-12-10
2019-12-10
2019-12-10
2019-12-10
2019-12-10
2019-12-10
2019-12-10
2019-12-10
2019-12-10
2019-12-10
2019-12-10
2019-12-10
2019-12-10
2019-12-10
2019-12-10
2019-12-10
2019-12-10
2019-12-10
2019-12-10
2019-12-10
2019-12-10
2019-12-10
2019-12-10
2019-12-10
2019-12-10
2019-12-10
2019-12-10
2019-12-10
2019-12-10
2019-12-10
2019-12-10
2019-12-10
2019-12-10
2019-12-10
2019-12-10
2019-12-10
2019-12-10
2019-12-10
2019-12-10
2019-12-10
2019-12-10
2019-12-10
2019-12-10
2019-12-10
2019-12-10
2019-12-10
2019-12-10
2019-12-10
2019-12-10
2019-12-10
2019-12-10
2019-12-10
2019-12-10
2019-12-10
2019-12-10
2019-12-10
2019-12-10
2019-12-10
2019-12-10
2019-12-10
2019-12-10
2019-12-10
2019-12-10
2019-12-10
2019-12-10
2019-12-10
2019-12-10
2019-12-10
2019-12-10
2019-12-10
2019-12-10
2019-12-10
2019-12-10
2019-12-10
2019-12-10
2019-12-10
2019-12-10
2019-12-10
2019-12-10
2019-12-10
2019-12-10
2019-12-10
2019-12-10
2019-12-10
2019-12-10
2019-12-10
2019-12-10
2019-12-10
2019-12-10
2019-12-10
2019-12-10
2019-12-10
2019-12-10
2019-12-10
2019-12-10
2019-12-10
2019-12-10
2019-12-10
2019-12-10
2019-12-10
2019-12-10
2019-12-10
2019-12-10
2019-12-10
2019-12-10
2019-12-10
2019-12-10
2019-12-10
2019-12-10
2019-12-10
2019-12-10
2019-12-10
2019-12-10
2019-12-10
2019-12-10
2019-12-10
2019-12-10
2019-12-10
2019-12-10
2019-12-10
2019-12-10
2019-12-10
2019-12-10
2019-12-10
2019-12-10
2019-12-10
2019-12-10
2019-12-10
2019-12-10
2019-12-10
2019-12-10
2019-12-10
2019-12-10
2019-12-10
2019-12-10
2019-12-10
2019-12-10
2019-12-10
2019-12-10
2019-12-10
2019-12-10
2019-12-10
2019-12-10
2019-12-10
2019-12-10
2019-12-10
2019-12-10
2019-12-10
2019-12-10
2019-12-10
2019-12-10
2019-12-10
2019-12-10
2019-12-10
2019-12-10
2019-12-10
2019-12-10
2019-12-10
2019-12-10
2019-12-10
2019-12-10
2019-12-10
2019-12-10
2019-12-10
2019-12-10
2019-12-10
2019-12-10
2019-12-10
2019-12-10
2019-12-10
2019-12-10
2019-12-10
2019-12-10
2019-12-10
2019-12-10
2019-12-10
2019-12-10
2019-12-10
2019-12-10
2019-12-10
2019-12-10
2019-12-10
2019-12-10
2019-12-10
2019-12-10
2019-12-10
2019-12-10
2019-12-10
2019-12-10
2019-12-10
2019-12-10
2019-12-10
2019-12-10
2019-12-10
2019-12-10
2019-12-10
2019-12-10
2019-12-10
2019-12-10
2019-12-10
2019-12-10
2019-12-10
2019-12-10
2019-12-10
2019-12-10
2019-12-10
2019-12-10
2019-12-10
2019-12-10
2019-12-10
2019-12-10
2019-12-10
2019-12-10
2019-12-10
2019-12-10
2019-12-10
2019-12-10
2019-12-10
2019-12-10
2019-12-10
2019-12-10
2019-12-10
2019-12-10
2019-12-10
2019-12-10
2019-12-10
2019-12-10
2019-12-10
2019-12-10
2019-12-10
2019-12-10
2019-12-10
2019-12-10
2019-12-10
2019-12-10
2019-12-10
2019-12-10
2019-12-10
2019-12-10
2019-12-10
2019-12-10
2019-12-10
2019-12-10
2019-12-10
2019-12-10
2019-12-10
2019-12-10
2019-12-10
2019-12-10
2019-12-10
2019-12-10
2019-12-10
2019-12-10
2019-12-10
2019-12-10
2019-12-10
2019-12-10
2019-12-10
2019-12-10
